total_adults_attending,total_kids_attending,total
162,52,214
156,50,206
178,66,244
165,61,226
166,58,224
168,61,229
166,59,225
170,59,229
177,79,256
161,56,217
166,47,213
172,61,233
170,54,224
164,55,219
179,64,243
159,55,214
185,69,254
167,71,238
165,55,220
178,69,247
170,64,234
179,62,241
166,63,229
181,69,250
170,60,230
168,71,239
171,70,241
174,75,249
178,59,237
172,61,233
183,77,260
174,70,244
173,62,235
170,44,214
171,65,236
161,64,225
172,52,224
161,51,212
160,64,224
171,66,237
173,70,243
164,50,214
165,61,226
159,48,207
165,59,224
166,68,234
168,74,242
172,63,235
169,71,240
173,60,233
167,62,229
159,45,204
166,70,236
160,63,223
171,61,232
187,81,268
170,69,239
169,71,240
170,61,231
176,61,237
160,56,216
177,50,227
175,52,227
173,68,241
155,55,210
173,63,236
151,46,197
163,47,210
153,56,209
167,62,229
159,56,215
179,54,233
164,53,217
166,56,222
176,73,249
173,49,222
172,65,237
179,77,256
158,68,226
174,66,240
171,65,236
176,59,235
163,62,225
162,61,223
173,61,234
174,62,236
180,71,251
165,62,227
163,61,224
182,59,241
171,48,219
158,52,210
168,64,232
176,52,228
166,63,229
173,63,236
170,74,244
170,45,215
171,62,233
162,60,222
162,47,209
172,54,226
178,63,241
171,62,233
180,58,238
173,71,244
182,61,243
166,59,225
174,63,237
173,60,233
176,51,227
166,56,222
173,60,233
174,69,243
171,59,230
170,63,233
170,58,228
167,58,225
160,52,212
171,64,235
174,69,243
173,75,248
165,54,219
172,67,239
164,67,231
172,65,237
172,66,238
164,42,206
170,65,235
165,64,229
170,59,229
159,62,221
162,56,218
173,69,242
163,60,223
164,65,229
168,60,228
164,54,218
177,71,248
178,61,239
159,61,220
162,70,232
159,64,223
170,64,234
171,67,238
162,68,230
170,59,229
153,48,201
169,61,230
171,60,231
175,66,241
181,68,249
172,66,238
172,61,233
174,64,238
165,65,230
166,63,229
174,65,239
186,72,258
159,48,207
173,65,238
173,68,241
167,59,226
161,61,222
173,60,233
180,63,243
175,58,233
159,55,214
172,54,226
172,75,247
163,63,226
171,76,247
175,64,239
163,62,225
181,70,251
153,56,209
175,63,238
174,65,239
164,60,224
174,69,243
165,58,223
171,69,240
180,57,237
159,51,210
172,65,237
165,70,235
166,60,226
170,71,241
168,70,238
176,72,248
159,50,209
162,62,224
183,66,249
180,60,240
168,66,234
177,73,250
179,59,238
171,70,241
162,54,216
158,60,218
162,49,211
170,53,223
153,64,217
178,56,234
169,60,229
157,65,222
177,54,231
163,57,220
175,74,249
164,70,234
166,65,231
169,61,230
169,68,237
173,72,245
172,64,236
159,62,221
168,59,227
186,68,254
160,68,228
164,45,209
151,55,206
159,72,231
178,65,243
163,68,231
167,66,233
177,58,235
148,45,193
160,50,210
179,62,241
174,70,244
159,72,231
150,50,200
160,60,220
158,66,224
163,57,220
178,71,249
175,64,239
167,61,228
150,52,202
172,67,239
171,64,235
180,70,250
168,60,228
171,66,237
172,74,246
176,53,229
166,68,234
167,64,231
169,55,224
172,82,254
169,57,226
163,60,223
173,66,239
161,57,218
173,68,241
163,62,225
183,55,238
165,67,232
171,60,231
171,65,236
160,53,213
157,66,223
163,57,220
171,67,238
166,55,221
166,59,225
180,57,237
178,67,245
164,61,225
168,64,232
163,50,213
178,68,246
163,63,226
168,55,223
185,62,247
168,65,233
172,47,219
175,61,236
165,62,227
165,53,218
165,70,235
167,56,223
178,52,230
152,53,205
173,69,242
168,60,228
154,47,201
165,59,224
180,65,245
155,56,211
170,55,225
170,73,243
167,59,226
169,58,227
168,66,234
173,75,248
180,79,259
169,61,230
165,51,216
162,55,217
165,62,227
168,64,232
174,57,231
174,56,230
162,59,221
175,53,228
156,58,214
174,63,237
163,52,215
168,72,240
179,67,246
169,66,235
171,56,227
164,57,221
168,63,231
180,66,246
177,58,235
170,64,234
163,64,227
174,69,243
163,66,229
154,59,213
162,52,214
172,62,234
169,50,219
170,73,243
171,62,233
182,66,248
182,62,244
159,56,215
177,70,247
176,74,250
174,57,231
171,67,238
160,60,220
165,58,223
161,53,214
160,55,215
175,63,238
170,70,240
176,54,230
179,71,250
174,61,235
174,75,249
178,52,230
163,54,217
169,63,232
171,64,235
163,58,221
168,57,225
175,59,234
166,59,225
167,53,220
167,61,228
166,58,224
174,67,241
178,64,242
166,60,226
166,67,233
169,68,237
168,67,235
172,66,238
171,65,236
169,72,241
164,59,223
175,71,246
179,61,240
165,53,218
170,63,233
167,69,236
158,52,210
171,55,226
164,57,221
170,71,241
154,53,207
172,63,235
167,72,239
176,67,243
172,63,235
178,63,241
166,56,222
167,65,232
176,56,232
170,59,229
157,48,205
168,66,234
167,61,228
162,62,224
154,50,204
171,65,236
161,72,233
154,62,216
179,64,243
165,63,228
164,58,222
178,64,242
167,62,229
173,59,232
174,66,240
166,61,227
176,68,244
174,71,245
165,60,225
178,50,228
180,67,247
165,58,223
175,63,238
166,64,230
160,56,216
176,76,252
183,61,244
160,62,222
165,67,232
179,66,245
162,55,217
163,53,216
160,53,213
175,60,235
172,63,235
178,50,228
168,61,229
169,64,233
178,64,242
168,63,231
174,58,232
180,70,250
173,70,243
163,57,220
172,74,246
174,56,230
168,74,242
178,74,252
162,56,218
164,64,228
168,72,240
170,58,228
162,57,219
166,60,226
167,60,227
166,67,233
179,72,251
175,68,243
166,74,240
162,59,221
170,57,227
163,53,216
168,70,238
169,61,230
166,59,225
160,50,210
164,54,218
172,60,232
164,81,245
164,51,215
161,58,219
179,66,245
167,64,231
157,54,211
170,56,226
178,68,246
164,59,223
169,55,224
169,65,234
169,75,244
168,69,237
159,62,221
177,74,251
155,59,214
173,58,231
181,64,245
158,57,215
167,53,220
168,57,225
168,63,231
172,65,237
179,62,241
182,75,257
171,62,233
159,60,219
176,63,239
177,72,249
167,67,234
176,67,243
189,73,262
167,69,236
168,58,226
171,66,237
164,54,218
174,60,234
156,69,225
173,64,237
170,63,233
179,58,237
161,67,228
171,61,232
173,68,241
166,56,222
167,63,230
179,52,231
168,56,224
169,64,233
174,64,238
168,64,232
162,62,224
169,61,230
167,57,224
169,61,230
166,51,217
172,67,239
159,51,210
170,65,235
172,62,234
172,70,242
165,56,221
161,52,213
164,68,232
169,60,229
168,62,230
168,52,220
175,68,243
170,66,236
166,64,230
158,61,219
177,61,238
159,55,214
164,62,226
170,64,234
171,56,227
170,51,221
177,69,246
166,63,229
172,59,231
166,63,229
172,51,223
170,63,233
163,63,226
177,72,249
175,65,240
167,67,234
166,61,227
178,73,251
175,61,236
183,68,251
182,62,244
163,74,237
169,70,239
172,60,232
172,64,236
156,62,218
167,67,234
153,55,208
170,61,231
167,55,222
183,66,249
159,60,219
168,69,237
159,52,211
174,62,236
168,71,239
166,64,230
171,66,237
161,56,217
161,71,232
161,68,229
155,52,207
177,71,248
172,67,239
164,62,226
172,64,236
168,68,236
168,57,225
165,58,223
170,68,238
178,73,251
162,63,225
175,66,241
163,64,227
181,71,252
163,54,217
177,65,242
169,68,237
169,61,230
173,74,247
167,53,220
170,61,231
158,53,211
168,55,223
175,70,245
158,53,211
163,47,210
166,63,229
171,74,245
155,59,214
163,70,233
165,61,226
175,69,244
169,63,232
166,46,212
172,69,241
162,62,224
162,65,227
172,56,228
176,69,245
161,62,223
170,69,239
177,53,230
169,63,232
167,54,221
166,66,232
177,57,234
172,69,241
168,57,225
165,56,221
169,50,219
164,63,227
166,60,226
176,58,234
158,50,208
174,62,236
162,53,215
163,54,217
164,55,219
164,53,217
165,56,221
165,59,224
160,60,220
177,68,245
178,72,250
162,62,224
176,66,242
170,64,234
164,50,214
175,62,237
179,70,249
171,63,234
161,59,220
162,57,219
170,58,228
156,55,211
168,59,227
163,55,218
168,59,227
166,71,237
173,71,244
163,57,220
164,66,230
171,69,240
162,64,226
170,59,229
156,56,212
168,64,232
169,69,238
172,67,239
162,62,224
173,57,230
173,61,234
173,68,241
178,59,237
168,56,224
172,68,240
177,60,237
174,70,244
173,66,239
156,57,213
164,58,222
164,55,219
169,52,221
174,69,243
175,57,232
168,59,227
170,72,242
162,51,213
169,51,220
163,67,230
165,65,230
168,62,230
160,59,219
181,70,251
163,58,221
154,45,199
170,55,225
169,53,222
172,53,225
175,63,238
162,61,223
162,54,216
167,70,237
176,57,233
164,50,214
167,66,233
162,56,218
188,72,260
171,66,237
167,62,229
169,61,230
180,65,245
163,59,222
175,54,229
179,68,247
177,61,238
171,62,233
166,69,235
170,59,229
171,73,244
181,66,247
170,58,228
163,61,224
177,59,236
167,61,228
174,66,240
170,68,238
176,72,248
174,63,237
180,70,250
171,60,231
166,61,227
174,70,244
166,61,227
171,57,228
168,65,233
166,56,222
168,61,229
175,67,242
172,63,235
166,51,217
172,72,244
171,59,230
167,58,225
168,61,229
172,59,231
161,51,212
165,57,222
164,56,220
168,52,220
164,50,214
164,54,218
168,51,219
170,66,236
172,70,242
165,69,234
165,63,228
179,61,240
163,58,221
166,69,235
168,64,232
160,69,229
166,61,227
173,69,242
173,56,229
163,57,220
166,62,228
172,62,234
167,53,220
162,54,216
174,71,245
162,62,224
175,67,242
152,53,205
165,63,228
160,73,233
169,62,231
174,58,232
179,76,255
164,68,232
165,61,226
170,59,229
179,70,249
163,59,222
172,63,235
167,61,228
181,70,251
164,68,232
154,58,212
171,59,230
163,53,216
165,63,228
168,55,223
168,59,227
180,67,247
160,58,218
174,52,226
165,54,219
167,59,226
169,67,236
172,68,240
163,60,223
173,62,235
173,80,253
175,69,244
161,60,221
178,72,250
177,57,234
163,73,236
164,58,222
169,58,227
178,67,245
177,59,236
178,68,246
172,63,235
177,82,259
167,67,234
172,62,234
179,78,257
168,63,231
171,56,227
169,51,220
171,66,237
165,55,220
175,63,238
178,73,251
160,63,223
166,65,231
164,50,214
169,66,235
181,61,242
164,63,227
173,57,230
184,64,248
160,58,218
179,70,249
176,66,242
183,54,237
155,62,217
159,74,233
170,70,240
175,57,232
168,66,234
174,72,246
167,58,225
175,74,249
164,51,215
163,53,216
181,63,244
169,72,241
176,50,226
154,65,219
164,57,221
178,65,243
165,57,222
165,60,225
160,60,220
172,65,237
183,57,240
168,64,232
171,62,233
166,61,227
167,59,226
169,74,243
165,50,215
159,57,216
168,54,222
164,57,221
157,58,215
172,69,241
171,62,233
155,48,203
163,53,216
170,75,245
165,70,235
163,64,227
182,58,240
166,46,212
166,59,225
162,64,226
167,60,227
173,61,234
170,62,232
166,69,235
161,53,214
170,58,228
163,61,224
166,59,225
180,61,241
157,60,217
167,57,224
186,65,251
176,58,234
155,49,204
163,59,222
166,59,225
165,62,227
171,55,226
172,67,239
166,62,228
172,70,242
170,70,240
169,52,221
168,69,237
185,69,254
177,70,247
172,59,231
168,68,236
176,68,244
169,57,226
175,61,236
168,52,220
165,62,227
165,67,232
164,56,220
159,59,218
181,67,248
176,69,245
174,68,242
160,51,211
166,77,243
149,57,206
165,61,226
179,68,247
163,62,225
173,59,232
156,51,207
160,48,208
163,59,222
159,50,209
167,51,218
164,61,225
167,68,235
184,61,245
160,59,219
163,74,237
172,65,237
170,59,229
172,52,224
166,59,225
176,63,239
177,64,241
173,65,238
166,59,225
178,63,241
176,74,250
172,57,229
164,65,229
180,58,238
165,60,225
170,68,238
165,57,222
172,62,234
183,65,248
165,61,226
179,55,234
179,72,251
168,50,218
164,64,228
166,53,219
177,68,245
171,67,238
156,61,217
183,66,249
170,57,227
174,53,227
177,68,245
155,62,217
175,73,248
163,54,217
172,58,230
162,66,228
168,61,229
162,53,215
171,60,231
175,66,241
178,66,244
171,62,233
176,75,251
169,55,224
164,65,229
172,54,226
165,70,235
165,67,232
172,61,233
169,68,237
163,57,220
175,69,244
155,66,221
178,59,237
172,66,238
165,53,218
163,53,216
168,62,230
168,54,222
166,60,226
170,67,237
170,64,234
173,72,245
170,58,228
162,46,208
173,70,243
169,71,240
169,64,233
165,70,235
178,60,238
158,52,210
171,62,233
157,49,206
173,57,230
160,72,232
182,71,253
177,68,245
168,71,239
170,52,222
171,60,231
168,62,230
185,74,259
169,57,226
179,58,237
166,52,218
177,59,236
169,59,228
164,61,225
171,65,236
167,68,235
169,73,242
176,63,239
169,64,233
165,63,228
165,62,227
160,52,212
173,62,235
174,63,237
167,57,224
162,64,226
176,53,229
168,61,229
175,68,243
164,51,215
176,65,241
162,76,238
178,70,248
165,62,227
173,53,226
158,54,212
166,54,220
166,63,229
168,60,228
167,48,215
165,72,237
175,68,243
170,52,222
172,69,241
173,61,234
158,59,217
159,55,214
174,70,244
169,64,233
166,65,231
153,49,202
168,64,232
173,68,241
179,64,243
170,65,235
160,60,220
167,63,230
179,72,251
158,53,211
165,60,225
165,60,225
159,56,215
177,63,240
174,66,240
163,61,224
176,71,247
161,62,223
172,64,236
158,58,216
164,61,225
169,56,225
174,66,240
174,57,231
177,69,246
170,54,224
167,55,222
177,85,262
153,59,212
163,68,231
145,43,188
171,64,235
175,58,233
179,60,239
181,72,253
169,71,240
180,62,242
165,58,223
183,70,253
171,65,236
171,59,230
174,67,241
174,64,238
160,51,211
163,54,217
177,70,247
161,58,219
164,74,238
168,57,225
173,68,241
176,54,230
173,68,241
161,59,220
162,56,218
178,60,238
178,66,244
166,56,222
170,64,234
161,59,220
172,58,230
169,64,233
176,58,234
172,63,235
179,67,246
159,60,219
161,59,220
174,60,234
168,65,233
166,61,227
166,64,230
157,60,217
143,48,191
157,58,215
167,61,228
165,71,236
185,68,253
177,72,249
173,62,235
186,72,258
165,63,228
163,59,222
173,65,238
173,70,243
166,68,234
168,54,222
171,61,232
179,54,233
177,71,248
171,71,242
171,47,218
176,66,242
175,83,258
173,70,243
166,52,218
179,75,254
159,78,237
174,75,249
173,60,233
166,57,223
171,63,234
167,53,220
166,49,215
168,66,234
170,56,226
167,56,223
179,62,241
173,70,243
167,59,226
163,56,219
169,61,230
164,55,219
167,56,223
171,49,220
157,58,215
168,55,223
164,46,210
165,59,224
178,66,244
164,52,216
171,63,234
166,67,233
174,66,240
157,57,214
179,66,245
166,59,225
172,68,240
168,64,232
170,58,228
180,57,237
173,67,240
167,61,228
172,65,237
178,54,232
174,70,244
172,54,226
181,78,259
170,63,233
164,64,228
169,54,223
170,54,224
171,60,231
166,58,224
179,60,239
169,71,240
164,62,226
158,52,210
184,69,253
164,52,216
154,76,230
173,58,231
164,66,230
173,64,237
172,59,231
169,61,230
176,57,233
167,67,234
168,63,231
167,58,225
162,56,218
174,65,239
164,72,236
177,65,242
170,69,239
169,59,228
179,61,240
165,56,221
171,64,235
164,52,216
163,55,218
159,56,215
175,65,240
180,74,254
174,67,241
168,65,233
169,53,222
165,55,220
175,65,240
174,66,240
153,61,214
162,62,224
164,56,220
159,56,215
170,56,226
169,58,227
184,71,255
184,71,255
173,56,229
175,66,241
164,62,226
181,70,251
176,67,243
165,52,217
171,64,235
172,68,240
174,60,234
163,52,215
157,72,229
163,63,226
174,63,237
177,63,240
171,64,235
167,59,226
163,58,221
180,57,237
174,65,239
173,66,239
168,59,227
174,66,240
157,58,215
162,55,217
172,60,232
175,73,248
174,73,247
167,56,223
167,60,227
173,66,239
164,57,221
161,51,212
159,66,225
161,61,222
175,54,229
156,64,220
176,52,228
161,48,209
172,58,230
171,57,228
173,64,237
164,57,221
172,63,235
174,63,237
174,72,246
168,53,221
169,64,233
173,54,227
164,50,214
168,59,227
166,61,227
169,55,224
165,65,230
175,64,239
175,60,235
172,60,232
169,68,237
170,64,234
170,65,235
152,52,204
170,61,231
157,55,212
165,64,229
158,52,210
161,60,221
168,50,218
173,66,239
173,54,227
172,61,233
181,64,245
173,77,250
176,66,242
171,66,237
164,56,220
170,63,233
169,69,238
167,55,222
166,66,232
177,72,249
161,49,210
169,67,236
176,65,241
173,60,233
162,58,220
165,66,231
178,69,247
172,66,238
172,63,235
168,66,234
165,59,224
171,54,225
181,66,247
160,59,219
173,59,232
169,58,227
164,72,236
163,65,228
177,61,238
157,50,207
164,72,236
174,66,240
161,62,223
171,65,236
167,67,234
165,61,226
164,69,233
164,64,228
162,62,224
165,59,224
169,60,229
167,62,229
160,54,214
179,65,244
161,67,228
171,66,237
165,58,223
149,47,196
166,62,228
173,66,239
164,60,224
176,59,235
176,56,232
161,65,226
175,71,246
166,61,227
173,79,252
169,65,234
159,63,222
178,63,241
165,58,223
155,61,216
163,62,225
169,75,244
178,70,248
167,62,229
165,69,234
164,64,228
176,67,243
161,45,206
169,62,231
168,63,231
174,68,242
173,54,227
173,66,239
180,64,244
170,62,232
164,65,229
175,63,238
163,59,222
167,62,229
159,60,219
168,63,231
176,72,248
166,57,223
171,55,226
172,51,223
175,67,242
177,73,250
169,57,226
156,58,214
169,59,228
162,62,224
164,57,221
165,68,233
172,65,237
180,71,251
173,66,239
165,59,224
155,53,208
165,57,222
170,65,235
173,56,229
175,69,244
177,71,248
162,62,224
169,61,230
172,79,251
166,64,230
162,54,216
183,66,249
176,67,243
173,61,234
166,64,230
169,69,238
165,52,217
177,61,238
171,62,233
174,55,229
181,57,238
164,54,218
172,57,229
181,65,246
163,67,230
179,66,245
180,70,250
168,70,238
172,59,231
165,70,235
166,53,219
183,69,252
161,61,222
167,59,226
175,69,244
176,67,243
175,71,246
170,55,225
170,51,221
170,65,235
170,70,240
162,55,217
170,59,229
174,62,236
162,61,223
164,70,234
167,60,227
161,50,211
171,63,234
163,59,222
161,47,208
173,60,233
174,68,242
166,72,238
176,70,246
168,63,231
166,46,212
174,61,235
182,71,253
171,75,246
162,59,221
168,53,221
160,56,216
173,64,237
172,63,235
158,57,215
161,66,227
173,57,230
163,66,229
167,54,221
175,74,249
166,69,235
160,48,208
164,62,226
172,56,228
172,60,232
175,71,246
173,67,240
177,70,247
161,53,214
171,65,236
160,56,216
180,58,238
163,59,222
171,46,217
191,75,266
162,60,222
178,51,229
172,57,229
184,71,255
152,57,209
174,64,238
171,58,229
183,63,246
162,45,207
169,69,238
167,62,229
165,62,227
170,53,223
169,64,233
177,57,234
165,55,220
162,64,226
167,55,222
181,64,245
170,62,232
181,67,248
171,58,229
163,61,224
165,62,227
168,61,229
170,68,238
168,62,230
172,56,228
175,70,245
174,63,237
173,66,239
167,62,229
170,71,241
173,63,236
177,65,242
171,55,226
173,57,230
169,65,234
166,68,234
165,58,223
181,56,237
176,51,227
173,52,225
175,55,230
176,64,240
171,64,235
173,55,228
169,72,241
173,52,225
166,60,226
163,68,231
172,58,230
160,65,225
158,58,216
164,64,228
153,59,212
174,58,232
162,46,208
176,65,241
166,71,237
174,67,241
157,57,214
184,58,242
179,71,250
167,69,236
173,65,238
176,61,237
172,65,237
179,70,249
157,49,206
172,61,233
163,63,226
169,58,227
172,58,230
170,66,236
178,73,251
163,44,207
173,71,244
175,53,228
168,74,242
170,50,220
158,51,209
178,54,232
175,67,242
168,67,235
166,58,224
177,67,244
164,60,224
170,71,241
166,61,227
168,66,234
165,60,225
161,55,216
168,73,241
169,61,230
170,52,222
167,70,237
185,64,249
178,63,241
154,57,211
179,65,244
166,49,215
165,54,219
161,55,216
165,60,225
158,61,219
181,81,262
180,69,249
168,65,233
180,63,243
167,68,235
178,63,241
158,60,218
169,59,228
180,65,245
170,66,236
178,61,239
161,58,219
160,58,218
172,59,231
163,63,226
170,58,228
180,75,255
171,64,235
167,67,234
180,81,261
170,69,239
180,73,253
169,64,233
174,67,241
171,58,229
169,57,226
161,60,221
175,53,228
162,52,214
160,51,211
175,67,242
171,67,238
167,62,229
157,49,206
179,65,244
172,65,237
160,61,221
168,57,225
159,47,206
179,61,240
174,59,233
174,69,243
170,67,237
161,54,215
166,70,236
161,53,214
178,68,246
162,51,213
164,51,215
165,50,215
168,56,224
174,68,242
178,70,248
165,61,226
155,49,204
167,65,232
163,60,223
175,67,242
171,69,240
163,52,215
162,68,230
172,53,225
168,74,242
169,57,226
179,71,250
172,57,229
166,64,230
162,52,214
169,59,228
171,55,226
170,52,222
166,74,240
163,62,225
168,58,226
166,63,229
169,65,234
175,65,240
169,60,229
175,63,238
168,58,226
175,54,229
169,56,225
158,58,216
158,62,220
162,69,231
179,74,253
175,58,233
165,60,225
171,47,218
168,66,234
167,67,234
164,59,223
161,59,220
163,63,226
178,67,245
159,66,225
162,58,220
158,66,224
175,69,244
177,58,235
166,60,226
164,62,226
166,58,224
183,73,256
161,50,211
168,64,232
182,77,259
171,63,234
169,64,233
159,67,226
172,64,236
174,63,237
163,67,230
175,58,233
175,72,247
173,59,232
169,59,228
172,64,236
158,52,210
180,70,250
161,58,219
180,68,248
176,78,254
174,63,237
165,50,215
185,60,245
170,70,240
176,65,241
169,46,215
163,69,232
168,62,230
172,61,233
159,65,224
165,64,229
164,44,208
161,63,224
168,63,231
174,56,230
167,65,232
168,56,224
177,77,254
175,62,237
157,56,213
163,62,225
171,61,232
168,60,228
165,67,232
168,57,225
172,61,233
168,62,230
175,60,235
175,61,236
173,61,234
184,67,251
173,58,231
167,58,225
169,58,227
166,66,232
168,62,230
171,58,229
162,71,233
161,57,218
171,64,235
157,46,203
159,53,212
168,67,235
167,76,243
165,55,220
159,68,227
167,67,234
167,71,238
178,64,242
170,77,247
171,66,237
166,63,229
156,72,228
170,74,244
173,61,234
184,71,255
173,64,237
173,65,238
181,72,253
161,61,222
174,52,226
161,48,209
167,65,232
177,61,238
175,61,236
176,61,237
170,68,238
174,58,232
156,53,209
188,63,251
167,62,229
171,57,228
169,68,237
161,59,220
182,76,258
183,75,258
164,58,222
172,65,237
176,65,241
166,59,225
165,67,232
165,54,219
167,57,224
169,61,230
182,59,241
181,68,249
163,58,221
162,67,229
161,60,221
179,63,242
155,52,207
172,69,241
162,63,225
161,63,224
175,58,233
152,58,210
162,59,221
171,66,237
167,61,228
166,64,230
173,63,236
176,71,247
173,66,239
177,60,237
173,57,230
168,63,231
180,73,253
167,60,227
166,56,222
172,58,230
163,62,225
166,61,227
157,48,205
165,58,223
171,51,222
159,56,215
167,50,217
181,72,253
168,67,235
153,51,204
176,62,238
173,61,234
185,66,251
167,43,210
165,58,223
177,60,237
162,63,225
166,54,220
169,64,233
171,68,239
172,52,224
168,62,230
168,56,224
167,78,245
179,67,246
166,61,227
172,68,240
176,57,233
182,72,254
155,55,210
174,56,230
179,61,240
171,64,235
166,69,235
167,72,239
158,49,207
160,59,219
176,60,236
175,69,244
149,41,190
162,51,213
177,60,237
164,55,219
165,66,231
182,79,261
173,73,246
168,71,239
172,64,236
159,66,225
169,61,230
171,52,223
179,69,248
175,68,243
171,58,229
166,66,232
172,56,228
165,60,225
171,61,232
172,68,240
168,61,229
169,46,215
169,66,235
173,53,226
170,62,232
160,62,222
167,56,223
153,59,212
177,70,247
177,71,248
174,67,241
167,59,226
160,60,220
172,68,240
164,50,214
165,67,232
159,58,217
158,55,213
159,51,210
165,65,230
169,64,233
179,75,254
176,69,245
163,61,224
161,68,229
168,59,227
166,59,225
161,55,216
177,81,258
177,59,236
163,69,232
163,60,223
169,46,215
181,61,242
171,64,235
173,61,234
175,54,229
174,65,239
175,61,236
172,53,225
158,58,216
170,67,237
166,62,228
163,58,221
174,61,235
167,71,238
180,71,251
171,63,234
173,64,237
174,58,232
170,69,239
174,62,236
162,57,219
172,56,228
164,62,226
159,56,215
169,60,229
160,60,220
168,60,228
177,71,248
170,70,240
160,57,217
158,61,219
171,60,231
168,61,229
162,64,226
163,56,219
182,64,246
167,67,234
165,59,224
182,63,245
174,60,234
166,62,228
178,58,236
179,55,234
175,56,231
176,57,233
155,48,203
176,78,254
171,51,222
175,60,235
158,50,208
179,59,238
176,75,251
174,58,232
170,63,233
167,70,237
172,55,227
172,61,233
176,70,246
187,69,256
171,74,245
173,65,238
172,64,236
173,67,240
165,66,231
151,52,203
172,64,236
152,51,203
164,60,224
159,61,220
169,51,220
168,54,222
173,64,237
161,62,223
179,73,252
157,55,212
185,82,267
163,61,224
165,60,225
175,57,232
167,56,223
164,54,218
175,77,252
171,66,237
170,59,229
174,80,254
169,60,229
176,67,243
165,51,216
174,60,234
172,55,227
169,65,234
158,57,215
160,63,223
169,61,230
169,58,227
160,53,213
175,71,246
156,49,205
170,64,234
166,54,220
171,57,228
172,66,238
177,71,248
170,69,239
155,57,212
161,54,215
164,57,221
152,42,194
161,51,212
164,47,211
168,50,218
169,73,242
175,72,247
171,63,234
190,73,263
168,62,230
170,62,232
178,66,244
168,65,233
166,73,239
165,54,219
175,57,232
163,64,227
170,69,239
164,61,225
158,64,222
170,54,224
165,54,219
168,55,223
167,72,239
164,55,219
168,63,231
161,49,210
170,65,235
171,69,240
172,55,227
171,66,237
161,42,203
168,68,236
167,55,222
159,55,214
169,76,245
170,62,232
176,53,229
172,65,237
170,63,233
169,64,233
174,69,243
176,66,242
170,65,235
169,60,229
167,65,232
168,67,235
164,62,226
147,55,202
155,61,216
167,60,227
180,71,251
165,53,218
177,67,244
170,66,236
153,52,205
165,51,216
171,62,233
173,76,249
167,61,228
154,59,213
168,72,240
178,61,239
163,65,228
167,65,232
163,50,213
175,62,237
164,64,228
168,65,233
171,51,222
164,65,229
168,55,223
164,53,217
171,61,232
177,65,242
180,64,244
159,56,215
168,58,226
185,72,257
173,60,233
168,61,229
180,71,251
176,74,250
156,54,210
179,66,245
164,67,231
165,50,215
171,69,240
170,57,227
169,54,223
164,63,227
171,60,231
181,60,241
170,60,230
162,63,225
156,57,213
167,64,231
166,64,230
168,59,227
152,69,221
164,62,226
172,72,244
173,71,244
169,48,217
171,58,229
170,61,231
160,67,227
166,59,225
165,55,220
182,63,245
165,53,218
171,65,236
165,69,234
163,64,227
166,62,228
168,56,224
177,61,238
177,65,242
174,73,247
173,70,243
165,63,228
170,61,231
171,64,235
181,69,250
167,66,233
172,66,238
177,72,249
170,73,243
183,60,243
159,61,220
167,65,232
188,61,249
167,58,225
171,65,236
167,55,222
167,63,230
177,67,244
167,59,226
168,60,228
164,67,231
169,64,233
177,65,242
172,74,246
181,60,241
166,64,230
163,57,220
165,68,233
170,72,242
182,63,245
168,68,236
167,61,228
167,55,222
167,63,230
175,60,235
177,65,242
175,66,241
170,66,236
172,55,227
171,49,220
169,65,234
169,52,221
165,61,226
166,55,221
166,64,230
183,60,243
174,57,231
173,54,227
163,48,211
173,61,234
181,74,255
158,62,220
172,72,244
162,68,230
158,61,219
162,66,228
182,62,244
168,62,230
172,57,229
167,70,237
158,63,221
173,68,241
173,79,252
170,62,232
171,60,231
168,69,237
181,68,249
172,58,230
164,67,231
169,65,234
169,59,228
163,61,224
163,58,221
175,73,248
183,69,252
153,57,210
177,63,240
171,74,245
175,69,244
173,63,236
160,61,221
175,70,245
173,49,222
166,65,231
177,61,238
162,55,217
164,72,236
178,59,237
170,62,232
152,51,203
171,66,237
161,64,225
162,61,223
168,57,225
174,63,237
163,53,216
173,64,237
180,61,241
175,59,234
167,64,231
161,60,221
163,57,220
168,62,230
176,61,237
170,62,232
176,70,246
180,70,250
167,49,216
156,51,207
168,61,229
170,57,227
161,58,219
173,62,235
177,68,245
161,61,222
165,61,226
177,66,243
175,62,237
157,64,221
168,51,219
174,66,240
174,59,233
163,64,227
170,68,238
174,70,244
168,64,232
171,66,237
165,48,213
176,66,242
172,60,232
163,69,232
174,57,231
166,54,220
164,48,212
173,51,224
176,47,223
162,54,216
167,55,222
177,65,242
167,59,226
175,67,242
166,57,223
167,49,216
168,51,219
163,61,224
176,58,234
169,62,231
165,52,217
173,56,229
172,59,231
171,60,231
172,59,231
169,64,233
176,69,245
179,64,243
165,57,222
160,51,211
164,61,225
175,65,240
170,49,219
166,67,233
167,49,216
162,62,224
168,76,244
174,69,243
176,65,241
180,72,252
169,68,237
177,61,238
167,60,227
153,55,208
177,50,227
176,75,251
179,67,246
170,62,232
160,57,217
170,58,228
177,76,253
173,71,244
171,46,217
157,48,205
168,68,236
165,63,228
167,64,231
165,65,230
171,63,234
172,71,243
174,70,244
169,58,227
161,52,213
168,69,237
156,57,213
161,61,222
165,51,216
170,65,235
171,56,227
168,66,234
177,60,237
164,59,223
155,48,203
180,73,253
164,54,218
164,57,221
159,58,217
161,58,219
168,65,233
169,74,243
165,60,225
166,57,223
172,61,233
165,52,217
159,52,211
177,65,242
173,67,240
181,65,246
165,49,214
165,61,226
168,62,230
174,62,236
160,55,215
166,59,225
172,60,232
169,60,229
158,50,208
159,56,215
162,48,210
172,56,228
163,60,223
165,65,230
176,71,247
173,71,244
166,54,220
162,63,225
161,65,226
155,57,212
185,67,252
150,52,202
164,61,225
163,51,214
173,66,239
162,59,221
161,63,224
169,51,220
167,58,225
163,62,225
173,53,226
176,63,239
168,61,229
169,57,226
171,61,232
162,56,218
162,65,227
166,65,231
165,61,226
165,58,223
172,59,231
178,64,242
176,60,236
175,64,239
164,64,228
171,52,223
167,61,228
165,56,221
173,68,241
173,67,240
171,68,239
176,67,243
165,56,221
180,73,253
166,58,224
172,53,225
170,57,227
180,64,244
161,62,223
181,53,234
174,73,247
161,64,225
168,71,239
165,59,224
169,55,224
159,55,214
160,54,214
184,74,258
174,73,247
167,62,229
175,60,235
167,72,239
182,60,242
169,59,228
182,69,251
169,57,226
172,62,234
163,68,231
169,66,235
171,67,238
167,62,229
156,48,204
169,64,233
167,60,227
171,67,238
159,63,222
181,73,254
168,66,234
180,71,251
170,69,239
172,74,246
178,65,243
158,70,228
164,59,223
167,59,226
166,68,234
174,72,246
166,57,223
170,63,233
168,62,230
166,64,230
161,54,215
176,70,246
175,65,240
165,54,219
178,67,245
183,80,263
159,57,216
174,68,242
166,55,221
180,71,251
171,61,232
167,57,224
171,65,236
183,65,248
174,67,241
165,65,230
186,59,245
168,77,245
157,66,223
164,56,220
171,70,241
163,54,217
165,49,214
159,62,221
165,59,224
163,67,230
165,60,225
168,59,227
162,63,225
186,67,253
179,74,253
166,60,226
174,71,245
165,64,229
175,57,232
163,63,226
167,62,229
168,67,235
168,67,235
162,51,213
164,62,226
193,77,270
175,54,229
163,60,223
172,68,240
160,54,214
157,63,220
173,57,230
180,67,247
163,56,219
173,71,244
185,73,258
159,58,217
164,55,219
170,59,229
177,76,253
160,66,226
167,63,230
166,63,229
172,64,236
156,59,215
166,55,221
171,44,215
166,63,229
177,68,245
167,71,238
167,63,230
177,63,240
171,63,234
163,67,230
154,50,204
178,61,239
183,76,259
173,62,235
162,63,225
167,66,233
177,64,241
179,64,243
165,57,222
184,63,247
169,65,234
183,58,241
175,55,230
165,52,217
174,65,239
171,63,234
173,68,241
179,78,257
161,64,225
167,66,233
179,52,231
180,66,246
169,59,228
168,58,226
161,70,231
164,54,218
173,74,247
165,60,225
169,55,224
172,58,230
177,57,234
170,55,225
175,74,249
171,65,236
164,67,231
177,69,246
168,69,237
164,66,230
166,57,223
167,64,231
167,61,228
168,58,226
166,58,224
175,58,233
168,67,235
162,62,224
165,62,227
163,59,222
173,63,236
174,61,235
177,69,246
166,74,240
171,59,230
173,58,231
185,68,253
171,68,239
167,56,223
172,64,236
174,65,239
158,53,211
172,62,234
188,69,257
163,64,227
161,59,220
168,54,222
178,77,255
161,65,226
174,55,229
167,50,217
187,79,266
176,55,231
160,57,217
159,63,222
172,64,236
180,78,258
162,60,222
167,66,233
155,62,217
175,57,232
165,53,218
176,59,235
169,51,220
177,66,243
177,61,238
166,56,222
168,63,231
174,58,232
179,61,240
172,74,246
163,54,217
172,64,236
183,75,258
173,62,235
162,60,222
163,66,229
169,58,227
175,60,235
155,52,207
171,63,234
159,57,216
161,51,212
159,52,211
176,61,237
165,63,228
165,61,226
168,58,226
174,68,242
164,57,221
160,59,219
162,53,215
176,55,231
161,61,222
168,55,223
166,62,228
166,55,221
165,53,218
177,65,242
169,59,228
181,68,249
174,56,230
165,51,216
172,64,236
152,57,209
168,65,233
166,60,226
176,65,241
163,59,222
174,59,233
161,63,224
167,64,231
171,54,225
170,70,240
165,59,224
178,64,242
168,66,234
164,58,222
156,60,216
164,56,220
171,54,225
169,58,227
169,59,228
174,65,239
160,56,216
173,69,242
170,54,224
179,71,250
174,54,228
165,55,220
174,58,232
185,60,245
174,67,241
165,42,207
179,75,254
164,53,217
169,63,232
164,60,224
169,53,222
167,52,219
171,63,234
169,71,240
159,49,208
153,47,200
163,59,222
167,64,231
158,45,203
173,53,226
171,59,230
177,68,245
177,73,250
181,52,233
168,58,226
164,59,223
166,49,215
164,65,229
168,65,233
161,55,216
171,63,234
172,67,239
179,72,251
159,46,205
173,55,228
175,61,236
170,60,230
169,64,233
169,72,241
170,64,234
172,73,245
170,67,237
183,81,264
169,61,230
172,61,233
161,54,215
173,57,230
169,59,228
171,55,226
165,66,231
168,53,221
161,60,221
167,45,212
172,59,231
165,62,227
174,57,231
185,76,261
162,56,218
148,45,193
176,70,246
172,56,228
173,58,231
175,66,241
173,66,239
170,62,232
168,64,232
172,59,231
172,60,232
165,53,218
169,47,216
164,57,221
172,61,233
179,66,245
167,66,233
162,72,234
175,57,232
173,70,243
172,53,225
171,57,228
178,66,244
166,61,227
166,51,217
171,55,226
176,65,241
169,76,245
173,62,235
171,58,229
159,49,208
165,59,224
176,70,246
175,49,224
171,70,241
178,78,256
156,54,210
172,70,242
156,65,221
179,53,232
152,60,212
163,61,224
175,65,240
174,66,240
165,56,221
152,57,209
158,54,212
176,60,236
165,56,221
173,62,235
166,54,220
166,69,235
169,59,228
164,66,230
167,55,222
166,56,222
177,74,251
165,59,224
178,63,241
174,71,245
175,53,228
169,61,230
164,70,234
165,62,227
179,67,246
162,64,226
180,73,253
179,71,250
164,58,222
163,64,227
167,60,227
154,56,210
175,64,239
169,61,230
164,58,222
166,58,224
174,68,242
173,56,229
166,54,220
171,66,237
166,61,227
173,57,230
174,55,229
161,65,226
164,48,212
169,75,244
161,62,223
162,57,219
169,58,227
159,49,208
165,61,226
168,60,228
165,53,218
175,71,246
166,68,234
161,56,217
168,62,230
166,59,225
171,55,226
166,56,222
166,61,227
174,69,243
168,54,222
173,62,235
167,61,228
169,54,223
177,72,249
174,66,240
167,58,225
164,54,218
179,66,245
162,46,208
169,59,228
159,51,210
166,69,235
170,69,239
173,71,244
174,67,241
166,65,231
158,58,216
169,62,231
167,56,223
170,68,238
177,65,242
159,51,210
174,65,239
169,60,229
178,71,249
172,72,244
169,52,221
161,57,218
172,61,233
171,69,240
165,61,226
166,63,229
159,64,223
166,63,229
170,66,236
169,62,231
166,53,219
161,49,210
181,71,252
148,51,199
168,65,233
169,52,221
167,58,225
175,52,227
165,58,223
169,68,237
174,65,239
164,56,220
168,73,241
175,59,234
165,72,237
162,63,225
167,64,231
170,59,229
171,70,241
170,58,228
176,67,243
159,60,219
167,54,221
166,54,220
164,71,235
173,59,232
167,62,229
162,71,233
167,62,229
169,61,230
166,54,220
165,62,227
171,65,236
163,67,230
158,59,217
157,63,220
176,69,245
174,68,242
174,55,229
166,55,221
154,60,214
181,69,250
164,66,230
165,67,232
168,62,230
166,62,228
165,48,213
166,61,227
177,73,250
156,51,207
176,71,247
172,68,240
163,58,221
166,63,229
173,74,247
182,74,256
169,66,235
160,68,228
175,63,238
161,64,225
178,66,244
173,61,234
192,68,260
172,59,231
171,74,245
177,64,241
160,65,225
172,57,229
177,56,233
174,53,227
151,55,206
167,54,221
174,67,241
184,74,258
166,71,237
169,62,231
167,55,222
176,66,242
171,69,240
165,71,236
166,59,225
175,53,228
166,60,226
167,55,222
158,59,217
161,53,214
175,61,236
171,70,241
172,59,231
168,60,228
161,61,222
165,63,228
169,53,222
169,57,226
168,59,227
180,71,251
156,53,209
175,61,236
178,73,251
182,71,253
179,66,245
159,64,223
172,63,235
174,69,243
172,62,234
161,66,227
162,60,222
164,58,222
176,52,228
168,60,228
173,55,228
162,51,213
176,64,240
156,51,207
173,68,241
173,64,237
166,56,222
170,65,235
166,61,227
165,61,226
175,58,233
184,68,252
178,64,242
162,63,225
167,59,226
173,62,235
158,54,212
172,68,240
165,56,221
163,63,226
182,62,244
158,60,218
158,51,209
163,51,214
159,58,217
166,42,208
171,70,241
170,68,238
162,54,216
162,68,230
164,53,217
161,55,216
182,71,253
169,49,218
175,55,230
170,50,220
170,66,236
164,66,230
179,72,251
177,61,238
165,69,234
173,79,252
173,64,237
172,60,232
181,65,246
175,59,234
178,57,235
175,58,233
163,68,231
177,69,246
161,55,216
176,57,233
183,62,245
167,66,233
177,67,244
179,68,247
170,60,230
175,61,236
164,62,226
160,64,224
165,67,232
172,57,229
175,65,240
174,59,233
183,65,248
173,71,244
181,63,244
173,59,232
169,56,225
162,49,211
165,62,227
158,67,225
165,61,226
175,70,245
158,48,206
181,62,243
172,69,241
163,74,237
178,61,239
166,61,227
174,69,243
173,63,236
164,70,234
167,68,235
175,54,229
177,55,232
173,75,248
175,61,236
164,49,213
159,51,210
168,54,222
173,61,234
170,55,225
178,45,223
170,64,234
178,65,243
175,75,250
171,60,231
155,44,199
175,61,236
177,65,242
173,60,233
165,68,233
167,68,235
161,69,230
171,60,231
182,70,252
162,56,218
165,55,220
169,68,237
162,59,221
186,72,258
169,59,228
177,75,252
164,60,224
171,64,235
170,57,227
165,57,222
173,66,239
169,68,237
166,67,233
167,59,226
175,64,239
159,51,210
169,54,223
180,58,238
162,59,221
161,70,231
174,61,235
172,55,227
188,70,258
174,59,233
177,63,240
173,57,230
167,49,216
165,65,230
161,65,226
177,73,250
179,60,239
169,56,225
168,70,238
183,67,250
166,62,228
172,60,232
174,72,246
177,63,240
168,71,239
161,51,212
176,53,229
162,67,229
173,64,237
166,62,228
166,59,225
170,72,242
167,71,238
173,70,243
173,64,237
163,51,214
165,57,222
164,61,225
176,67,243
159,56,215
175,60,235
167,62,229
168,62,230
167,53,220
161,54,215
164,56,220
173,63,236
164,59,223
162,59,221
165,52,217
166,64,230
163,60,223
174,77,251
169,54,223
171,58,229
175,62,237
172,68,240
186,72,258
170,70,240
170,58,228
167,68,235
178,67,245
162,62,224
174,63,237
168,69,237
167,72,239
168,65,233
178,60,238
173,73,246
172,60,232
172,59,231
161,71,232
170,61,231
173,70,243
168,61,229
172,61,233
167,63,230
169,58,227
181,75,256
166,62,228
166,62,228
168,71,239
178,67,245
174,66,240
168,58,226
162,57,219
172,61,233
173,70,243
176,73,249
174,65,239
163,55,218
169,68,237
176,76,252
162,42,204
174,58,232
174,58,232
177,47,224
170,60,230
162,58,220
165,64,229
170,72,242
159,51,210
163,58,221
157,55,212
159,64,223
179,69,248
169,66,235
169,59,228
175,75,250
171,61,232
167,46,213
170,56,226
176,69,245
158,55,213
165,72,237
178,73,251
158,59,217
163,63,226
169,55,224
156,56,212
181,68,249
166,52,218
164,49,213
171,61,232
173,71,244
167,64,231
175,62,237
167,65,232
171,65,236
161,62,223
168,53,221
161,56,217
174,64,238
159,63,222
168,64,232
162,60,222
158,48,206
166,63,229
166,62,228
165,53,218
185,72,257
172,70,242
168,55,223
172,63,235
150,46,196
170,63,233
173,61,234
165,57,222
188,78,266
165,64,229
167,57,224
166,68,234
167,57,224
164,56,220
173,66,239
166,54,220
169,58,227
156,56,212
167,61,228
162,59,221
155,54,209
176,69,245
164,52,216
170,60,230
171,65,236
166,60,226
168,61,229
171,67,238
163,61,224
161,58,219
158,63,221
168,66,234
163,68,231
176,73,249
176,60,236
175,57,232
176,66,242
165,62,227
183,62,245
168,59,227
170,58,228
172,62,234
164,62,226
180,80,260
167,61,228
170,71,241
169,59,228
176,58,234
161,60,221
161,66,227
174,67,241
164,59,223
177,60,237
172,60,232
179,71,250
167,58,225
163,54,217
162,55,217
166,52,218
173,56,229
173,61,234
168,59,227
161,59,220
173,58,231
169,68,237
169,69,238
184,53,237
161,64,225
172,57,229
162,61,223
174,63,237
174,69,243
157,56,213
175,69,244
169,57,226
171,60,231
168,63,231
173,65,238
171,61,232
175,78,253
170,62,232
170,68,238
169,65,234
168,68,236
160,56,216
177,58,235
169,52,221
162,57,219
172,70,242
157,66,223
163,65,228
164,69,233
165,59,224
166,59,225
161,57,218
171,68,239
169,60,229
177,63,240
168,66,234
177,74,251
163,61,224
169,55,224
169,59,228
172,63,235
173,66,239
174,71,245
152,63,215
174,74,248
165,62,227
169,63,232
165,64,229
163,60,223
156,66,222
158,49,207
159,62,221
162,60,222
165,69,234
170,66,236
171,62,233
165,62,227
168,70,238
162,53,215
169,63,232
183,73,256
164,53,217
176,69,245
158,61,219
165,70,235
175,69,244
181,69,250
175,64,239
172,53,225
168,60,228
165,59,224
166,64,230
169,55,224
160,45,205
169,56,225
161,67,228
175,58,233
170,45,215
166,60,226
175,70,245
158,63,221
168,62,230
189,71,260
167,51,218
174,54,228
181,67,248
186,62,248
173,72,245
182,67,249
173,58,231
166,73,239
171,54,225
165,48,213
170,59,229
167,60,227
162,61,223
174,65,239
162,50,212
155,61,216
180,61,241
169,55,224
167,70,237
175,68,243
174,72,246
175,50,225
183,65,248
173,63,236
162,60,222
172,56,228
158,51,209
173,66,239
182,57,239
174,47,221
174,62,236
169,71,240
171,58,229
171,55,226
179,64,243
173,65,238
167,57,224
173,65,238
174,61,235
169,65,234
170,65,235
168,57,225
169,63,232
167,70,237
155,56,211
171,62,233
171,60,231
169,72,241
176,55,231
174,57,231
172,67,239
164,50,214
178,70,248
157,51,208
168,55,223
170,68,238
167,57,224
165,60,225
164,72,236
176,58,234
169,65,234
166,64,230
183,67,250
151,58,209
168,63,231
160,62,222
174,61,235
164,47,211
162,64,226
171,75,246
179,69,248
176,57,233
166,64,230
168,64,232
168,54,222
174,57,231
171,68,239
171,60,231
178,54,232
171,54,225
163,58,221
178,57,235
175,64,239
169,65,234
166,66,232
168,62,230
179,74,253
166,68,234
168,52,220
170,70,240
165,62,227
172,72,244
171,59,230
164,60,224
168,50,218
171,65,236
180,68,248
183,76,259
174,56,230
164,54,218
178,61,239
164,56,220
170,62,232
164,51,215
174,61,235
167,75,242
172,58,230
177,57,234
167,53,220
177,57,234
163,57,220
172,64,236
166,63,229
179,73,252
178,64,242
158,56,214
170,56,226
171,61,232
168,56,224
172,54,226
165,68,233
166,48,214
175,62,237
178,57,235
176,65,241
177,61,238
164,72,236
173,65,238
173,63,236
167,59,226
159,56,215
168,58,226
164,75,239
158,64,222
160,60,220
154,68,222
179,68,247
172,59,231
182,80,262
177,75,252
173,80,253
170,61,231
164,53,217
174,64,238
167,62,229
173,70,243
178,82,260
173,67,240
181,56,237
165,61,226
161,55,216
165,69,234
163,57,220
166,55,221
162,60,222
177,60,237
164,66,230
167,63,230
170,61,231
159,52,211
168,59,227
173,47,220
164,52,216
169,67,236
167,63,230
164,67,231
177,57,234
173,51,224
167,57,224
170,60,230
167,63,230
166,60,226
175,65,240
166,48,214
176,62,238
164,63,227
164,53,217
168,60,228
171,56,227
172,65,237
164,49,213
166,62,228
162,61,223
172,53,225
172,64,236
179,71,250
168,62,230
162,65,227
167,52,219
159,61,220
165,63,228
160,48,208
166,65,231
170,66,236
168,55,223
158,55,213
169,59,228
162,70,232
172,70,242
166,59,225
161,58,219
167,51,218
161,49,210
186,66,252
172,67,239
162,52,214
170,71,241
176,57,233
166,56,222
164,65,229
182,68,250
169,48,217
163,66,229
172,68,240
162,64,226
177,62,239
172,81,253
173,50,223
172,68,240
174,69,243
166,59,225
177,64,241
172,65,237
175,62,237
162,57,219
179,67,246
179,60,239
169,62,231
167,49,216
178,68,246
178,68,246
166,58,224
168,69,237
160,55,215
177,59,236
170,63,233
172,67,239
164,66,230
178,65,243
182,76,258
173,62,235
170,63,233
179,70,249
168,58,226
164,57,221
165,58,223
175,60,235
174,71,245
173,55,228
164,58,222
177,72,249
164,47,211
170,65,235
161,59,220
172,58,230
170,60,230
169,59,228
167,62,229
171,61,232
171,50,221
173,65,238
173,76,249
172,56,228
167,67,234
165,60,225
169,61,230
175,53,228
167,63,230
164,62,226
175,55,230
168,66,234
168,53,221
163,57,220
179,58,237
165,56,221
155,50,205
168,72,240
175,61,236
166,54,220
175,75,250
171,58,229
164,60,224
184,64,248
172,57,229
180,77,257
177,61,238
189,71,260
173,62,235
160,70,230
171,71,242
171,76,247
159,57,216
177,73,250
158,58,216
175,63,238
172,67,239
174,66,240
173,47,220
163,61,224
168,63,231
151,54,205
175,48,223
173,54,227
173,62,235
164,57,221
156,67,223
174,63,237
165,62,227
174,65,239
181,63,244
167,53,220
171,59,230
183,69,252
176,61,237
168,54,222
175,47,222
166,56,222
183,70,253
165,65,230
169,75,244
166,60,226
168,55,223
167,55,222
170,60,230
184,71,255
168,52,220
175,61,236
171,61,232
172,59,231
167,64,231
160,52,212
167,62,229
167,63,230
170,51,221
165,60,225
171,57,228
165,58,223
185,74,259
162,64,226
164,65,229
168,68,236
166,65,231
174,65,239
176,62,238
175,72,247
164,56,220
173,65,238
161,48,209
175,68,243
160,56,216
164,69,233
180,70,250
163,52,215
163,58,221
174,55,229
166,75,241
169,51,220
168,57,225
154,59,213
168,65,233
177,67,244
175,51,226
159,59,218
170,59,229
154,55,209
168,58,226
173,63,236
171,56,227
170,53,223
160,58,218
174,54,228
174,69,243
163,42,205
169,51,220
179,63,242
163,50,213
182,75,257
172,69,241
144,47,191
165,63,228
167,63,230
166,61,227
178,68,246
170,62,232
177,60,237
164,65,229
158,51,209
180,62,242
164,62,226
181,70,251
158,54,212
176,72,248
169,63,232
173,57,230
174,51,225
173,55,228
162,58,220
170,55,225
164,49,213
175,61,236
156,44,200
170,66,236
172,69,241
156,64,220
178,76,254
159,48,207
172,73,245
172,56,228
168,55,223
174,68,242
167,55,222
161,55,216
173,74,247
177,73,250
161,55,216
170,74,244
176,75,251
157,56,213
173,61,234
159,63,222
168,57,225
166,53,219
184,70,254
165,54,219
165,75,240
172,66,238
170,64,234
164,52,216
155,56,211
170,67,237
171,57,228
183,64,247
175,59,234
182,56,238
178,68,246
154,54,208
162,57,219
164,69,233
161,60,221
180,70,250
165,66,231
152,57,209
170,65,235
155,50,205
170,66,236
169,68,237
168,57,225
163,47,210
177,64,241
168,62,230
170,57,227
165,56,221
177,82,259
164,43,207
166,52,218
172,63,235
165,62,227
172,59,231
176,66,242
163,64,227
169,57,226
164,58,222
169,73,242
172,52,224
173,60,233
171,65,236
172,62,234
178,62,240
174,73,247
176,62,238
160,61,221
182,69,251
162,64,226
170,63,233
171,71,242
166,51,217
169,77,246
173,54,227
161,67,228
182,56,238
166,52,218
172,63,235
165,61,226
163,42,205
167,53,220
172,70,242
173,55,228
160,56,216
168,63,231
152,60,212
170,53,223
169,69,238
163,57,220
174,64,238
165,56,221
169,60,229
164,53,217
168,64,232
173,57,230
160,51,211
165,63,228
178,76,254
178,77,255
166,65,231
179,73,252
163,58,221
176,59,235
179,59,238
168,61,229
174,58,232
161,62,223
172,57,229
163,49,212
159,61,220
165,69,234
166,60,226
178,81,259
161,60,221
159,56,215
165,55,220
170,60,230
164,58,222
175,60,235
170,58,228
167,50,217
173,66,239
173,60,233
167,60,227
170,59,229
177,52,229
169,74,243
169,68,237
165,66,231
171,70,241
172,65,237
173,65,238
159,67,226
165,63,228
173,66,239
164,62,226
163,63,226
174,61,235
176,61,237
157,54,211
157,63,220
168,59,227
166,67,233
162,68,230
166,66,232
158,64,222
167,54,221
166,59,225
174,70,244
160,54,214
161,71,232
170,67,237
167,66,233
168,57,225
170,65,235
167,60,227
161,59,220
157,54,211
174,57,231
165,58,223
173,63,236
166,61,227
154,56,210
160,62,222
176,66,242
157,60,217
162,67,229
168,56,224
180,58,238
172,56,228
173,66,239
170,63,233
175,59,234
159,58,217
168,62,230
162,66,228
161,55,216
162,57,219
165,60,225
180,66,246
170,73,243
170,61,231
173,66,239
154,57,211
160,73,233
162,52,214
177,64,241
177,60,237
163,65,228
168,69,237
164,51,215
167,56,223
172,55,227
173,62,235
178,64,242
171,68,239
161,53,214
169,61,230
177,72,249
167,66,233
169,69,238
187,65,252
181,64,245
156,64,220
173,58,231
168,62,230
165,65,230
162,61,223
161,57,218
167,61,228
161,42,203
166,67,233
184,58,242
176,58,234
169,60,229
168,68,236
164,54,218
171,54,225
168,58,226
174,67,241
162,60,222
180,70,250
169,60,229
173,65,238
160,62,222
172,75,247
172,59,231
169,61,230
156,59,215
163,60,223
164,56,220
165,54,219
171,64,235
169,65,234
164,50,214
180,79,259
164,64,228
163,69,232
174,58,232
169,56,225
166,68,234
171,68,239
159,53,212
169,64,233
176,64,240
171,70,241
168,53,221
176,68,244
158,60,218
159,53,212
158,63,221
159,57,216
166,59,225
178,61,239
176,50,226
164,68,232
177,69,246
172,76,248
184,77,261
169,64,233
169,72,241
167,61,228
169,69,238
164,57,221
167,54,221
168,65,233
170,70,240
168,62,230
179,64,243
172,54,226
161,62,223
177,74,251
175,61,236
168,62,230
176,66,242
153,53,206
167,59,226
163,59,222
171,63,234
161,64,225
165,62,227
160,59,219
174,66,240
181,62,243
170,73,243
168,72,240
169,55,224
161,62,223
164,56,220
165,55,220
170,64,234
167,65,232
166,50,216
171,66,237
173,70,243
172,63,235
180,72,252
174,64,238
163,58,221
170,57,227
177,70,247
174,54,228
170,63,233
168,60,228
165,69,234
172,59,231
185,66,251
168,61,229
168,69,237
178,48,226
165,62,227
166,65,231
174,52,226
170,63,233
163,67,230
174,65,239
156,54,210
178,58,236
154,62,216
164,62,226
170,55,225
167,68,235
181,66,247
171,56,227
175,64,239
164,63,227
169,75,244
182,72,254
162,55,217
160,59,219
171,52,223
176,64,240
170,71,241
171,55,226
165,65,230
165,50,215
162,59,221
173,69,242
155,53,208
173,73,246
179,61,240
159,66,225
183,67,250
153,60,213
168,63,231
174,65,239
160,58,218
157,51,208
176,69,245
169,54,223
160,62,222
166,64,230
168,66,234
169,71,240
170,65,235
161,55,216
163,67,230
177,72,249
176,59,235
161,63,224
177,47,224
166,57,223
178,60,238
165,61,226
163,57,220
175,67,242
171,56,227
167,60,227
163,51,214
171,63,234
164,65,229
161,62,223
176,59,235
169,50,219
164,67,231
174,66,240
168,61,229
178,57,235
172,69,241
166,49,215
177,56,233
185,65,250
169,58,227
160,58,218
171,67,238
171,63,234
171,62,233
171,64,235
172,62,234
165,56,221
168,63,231
172,64,236
175,57,232
179,64,243
171,59,230
174,59,233
171,60,231
172,65,237
168,62,230
165,59,224
172,62,234
165,55,220
159,48,207
178,74,252
173,61,234
170,63,233
177,74,251
170,60,230
173,67,240
171,51,222
178,59,237
166,67,233
176,72,248
173,64,237
171,71,242
155,51,206
162,57,219
161,57,218
168,51,219
171,61,232
165,52,217
166,67,233
175,54,229
169,71,240
168,65,233
179,73,252
181,69,250
183,59,242
179,68,247
167,56,223
162,58,220
169,50,219
173,77,250
175,68,243
166,55,221
171,65,236
167,54,221
182,74,256
164,58,222
173,64,237
163,51,214
177,70,247
166,60,226
166,49,215
178,61,239
171,55,226
158,60,218
157,50,207
176,55,231
169,66,235
173,61,234
163,60,223
161,73,234
162,62,224
174,63,237
177,72,249
168,61,229
160,62,222
162,61,223
182,75,257
175,74,249
169,58,227
163,44,207
166,63,229
166,58,224
164,75,239
177,62,239
174,65,239
181,62,243
179,70,249
167,60,227
169,58,227
172,71,243
168,55,223
161,66,227
182,77,259
164,53,217
163,49,212
166,70,236
177,63,240
164,68,232
165,53,218
167,60,227
169,64,233
164,73,237
167,63,230
161,61,222
172,70,242
170,74,244
179,56,235
160,49,209
157,67,224
172,53,225
177,65,242
159,56,215
171,61,232
174,67,241
160,45,205
166,69,235
169,65,234
164,54,218
169,62,231
170,68,238
167,61,228
172,66,238
183,74,257
175,65,240
177,64,241
172,61,233
167,57,224
163,62,225
161,71,232
161,66,227
169,52,221
164,65,229
179,70,249
153,56,209
165,61,226
176,74,250
165,68,233
178,60,238
167,64,231
173,68,241
185,64,249
176,62,238
165,51,216
174,73,247
173,49,222
173,57,230
174,79,253
175,68,243
172,49,221
176,64,240
172,69,241
176,63,239
169,68,237
166,70,236
174,57,231
165,54,219
179,63,242
155,55,210
166,51,217
167,66,233
168,47,215
175,63,238
181,68,249
170,60,230
175,75,250
171,73,244
181,73,254
181,65,246
170,62,232
161,53,214
178,59,237
176,69,245
170,61,231
167,44,211
155,53,208
160,52,212
164,70,234
175,65,240
175,66,241
172,71,243
171,80,251
163,51,214
170,61,231
171,64,235
164,67,231
165,56,221
160,67,227
163,63,226
170,62,232
174,66,240
170,57,227
174,71,245
170,60,230
181,77,258
167,64,231
178,78,256
179,63,242
160,65,225
171,52,223
178,68,246
169,62,231
166,74,240
163,67,230
173,67,240
157,56,213
165,54,219
167,56,223
170,78,248
170,58,228
168,66,234
162,57,219
178,64,242
158,54,212
170,52,222
177,58,235
165,58,223
156,59,215
176,66,242
178,65,243
170,74,244
172,68,240
170,55,225
169,62,231
160,57,217
158,58,216
170,67,237
168,57,225
166,64,230
171,65,236
160,45,205
167,55,222
172,66,238
169,57,226
174,62,236
164,68,232
172,56,228
177,46,223
162,55,217
174,73,247
167,67,234
173,51,224
165,65,230
154,56,210
180,67,247
154,58,212
165,68,233
159,65,224
186,70,256
167,60,227
164,67,231
175,76,251
176,79,255
161,53,214
172,64,236
169,51,220
173,55,228
174,64,238
176,70,246
184,60,244
180,66,246
175,70,245
170,62,232
173,56,229
170,61,231
168,58,226
168,70,238
182,69,251
173,54,227
169,50,219
173,54,227
164,66,230
181,67,248
169,57,226
177,76,253
169,67,236
168,53,221
170,60,230
173,74,247
166,61,227
161,62,223
163,52,215
186,64,250
168,58,226
179,65,244
158,51,209
162,62,224
170,70,240
172,70,242
171,74,245
169,56,225
160,61,221
180,70,250
179,57,236
167,55,222
175,65,240
173,68,241
166,54,220
169,58,227
170,58,228
176,57,233
167,64,231
166,57,223
164,65,229
175,45,220
173,65,238
172,73,245
177,70,247
158,62,220
165,70,235
165,66,231
172,53,225
165,53,218
160,52,212
169,59,228
172,62,234
170,63,233
159,59,218
167,64,231
162,58,220
172,62,234
160,52,212
182,63,245
164,68,232
167,55,222
161,57,218
174,69,243
161,63,224
177,64,241
161,67,228
178,60,238
179,66,245
175,63,238
168,60,228
163,65,228
168,65,233
163,57,220
164,59,223
169,57,226
165,64,229
169,48,217
167,62,229
173,60,233
183,65,248
165,59,224
168,64,232
167,62,229
171,55,226
155,63,218
170,65,235
173,70,243
159,59,218
183,65,248
171,59,230
170,63,233
171,53,224
163,64,227
169,57,226
168,57,225
169,54,223
169,68,237
161,60,221
165,71,236
164,57,221
169,63,232
171,53,224
175,53,228
176,63,239
182,69,251
174,70,244
175,64,239
183,55,238
180,64,244
163,57,220
176,65,241
165,68,233
176,65,241
178,57,235
164,55,219
166,51,217
160,60,220
169,64,233
174,67,241
173,72,245
167,57,224
175,57,232
164,67,231
160,50,210
172,70,242
177,65,242
164,61,225
160,57,217
173,66,239
184,68,252
168,65,233
169,66,235
174,55,229
166,63,229
157,52,209
172,70,242
163,63,226
184,78,262
167,70,237
159,55,214
175,58,233
164,61,225
168,54,222
171,58,229
178,55,233
183,64,247
177,62,239
160,58,218
165,63,228
181,75,256
171,63,234
163,55,218
161,57,218
169,70,239
158,60,218
164,53,217
161,72,233
177,75,252
169,60,229
163,62,225
163,73,236
168,69,237
168,74,242
167,59,226
155,59,214
165,64,229
178,61,239
173,68,241
165,57,222
166,66,232
176,64,240
171,54,225
176,61,237
172,55,227
173,75,248
172,57,229
166,59,225
165,59,224
171,64,235
161,59,220
169,67,236
169,59,228
172,64,236
174,63,237
172,74,246
167,57,224
168,45,213
183,70,253
174,62,236
165,69,234
156,52,208
159,50,209
152,54,206
173,68,241
180,65,245
173,65,238
162,47,209
167,62,229
155,62,217
156,61,217
155,56,211
176,72,248
178,67,245
180,63,243
177,61,238
166,50,216
165,67,232
166,54,220
169,60,229
169,57,226
178,68,246
174,54,228
167,66,233
164,55,219
164,53,217
172,51,223
174,70,244
162,54,216
156,60,216
170,67,237
163,42,205
171,73,244
168,58,226
162,58,220
171,68,239
178,63,241
173,48,221
169,65,234
169,57,226
159,58,217
181,74,255
159,53,212
167,56,223
171,69,240
147,50,197
164,59,223
165,63,228
171,55,226
165,62,227
174,72,246
170,59,229
173,50,223
168,48,216
175,60,235
164,56,220
172,67,239
167,53,220
167,62,229
181,72,253
171,62,233
168,63,231
167,52,219
168,68,236
174,60,234
164,55,219
159,54,213
160,57,217
169,61,230
180,67,247
174,68,242
170,65,235
167,74,241
183,65,248
164,60,224
164,64,228
157,49,206
164,59,223
162,64,226
172,59,231
176,66,242
168,56,224
176,54,230
167,58,225
171,71,242
168,57,225
172,56,228
175,63,238
176,75,251
176,58,234
162,46,208
163,61,224
166,62,228
160,64,224
166,64,230
173,70,243
173,70,243
172,49,221
177,62,239
159,59,218
166,54,220
169,67,236
161,48,209
168,55,223
174,55,229
178,60,238
179,67,246
180,71,251
161,50,211
172,54,226
176,69,245
166,49,215
168,61,229
172,52,224
168,62,230
172,58,230
175,62,237
175,70,245
179,59,238
158,55,213
166,48,214
180,58,238
163,54,217
172,65,237
165,54,219
172,63,235
173,64,237
170,65,235
176,68,244
176,66,242
168,58,226
172,68,240
169,63,232
174,68,242
166,59,225
173,66,239
179,71,250
167,62,229
163,64,227
172,60,232
162,52,214
165,57,222
167,66,233
159,46,205
160,61,221
171,56,227
176,70,246
160,58,218
157,53,210
177,61,238
176,71,247
169,50,219
157,63,220
179,57,236
167,59,226
164,60,224
169,65,234
168,54,222
170,62,232
163,64,227
173,67,240
173,66,239
165,63,228
173,64,237
163,67,230
169,65,234
174,63,237
162,59,221
172,67,239
170,57,227
165,50,215
167,58,225
160,60,220
176,61,237
173,70,243
176,70,246
172,56,228
164,59,223
179,62,241
162,62,224
168,55,223
168,57,225
179,72,251
154,59,213
166,53,219
165,49,214
166,59,225
159,58,217
165,65,230
169,65,234
174,57,231
177,60,237
180,71,251
167,61,228
174,64,238
173,67,240
167,55,222
176,68,244
178,58,236
170,62,232
169,70,239
183,67,250
171,50,221
171,62,233
174,62,236
173,61,234
169,69,238
179,67,246
170,65,235
168,67,235
181,68,249
165,62,227
160,65,225
173,62,235
179,59,238
167,58,225
170,57,227
159,53,212
173,56,229
162,57,219
164,64,228
174,57,231
168,62,230
175,70,245
174,57,231
181,61,242
176,57,233
157,66,223
168,60,228
167,58,225
168,63,231
171,60,231
178,72,250
160,58,218
166,63,229
185,73,258
164,53,217
173,64,237
169,67,236
177,59,236
166,55,221
171,65,236
166,66,232
165,71,236
185,71,256
153,61,214
152,46,198
169,67,236
165,63,228
161,56,217
169,54,223
160,75,235
155,48,203
176,62,238
162,52,214
175,57,232
170,59,229
173,67,240
165,50,215
169,54,223
179,64,243
161,62,223
181,75,256
168,62,230
173,72,245
159,61,220
171,68,239
183,70,253
170,62,232
164,57,221
168,64,232
178,69,247
174,63,237
165,58,223
173,68,241
174,63,237
167,66,233
174,74,248
170,60,230
174,48,222
173,76,249
163,57,220
168,55,223
177,60,237
168,58,226
166,56,222
169,55,224
178,67,245
172,67,239
168,57,225
170,65,235
178,61,239
161,54,215
177,63,240
161,50,211
166,55,221
160,55,215
164,59,223
154,66,220
167,61,228
186,74,260
171,70,241
175,72,247
167,55,222
167,74,241
174,59,233
174,68,242
152,62,214
157,63,220
178,72,250
165,58,223
171,66,237
163,47,210
173,77,250
164,46,210
170,74,244
164,64,228
162,55,217
173,71,244
163,60,223
176,57,233
172,69,241
181,64,245
178,72,250
167,70,237
164,48,212
184,64,248
165,47,212
164,55,219
161,54,215
162,70,232
167,60,227
157,60,217
171,64,235
169,67,236
161,57,218
184,72,256
168,67,235
170,59,229
165,50,215
171,61,232
165,60,225
156,60,216
164,56,220
164,47,211
163,57,220
174,79,253
170,69,239
164,57,221
150,52,202
165,63,228
184,75,259
154,54,208
164,67,231
168,67,235
171,73,244
169,80,249
177,70,247
166,64,230
179,59,238
176,63,239
173,64,237
168,63,231
162,52,214
162,60,222
145,51,196
172,74,246
160,53,213
168,59,227
167,73,240
168,54,222
170,63,233
172,71,243
162,57,219
181,63,244
161,57,218
176,67,243
176,64,240
166,70,236
163,62,225
176,68,244
164,72,236
168,62,230
167,61,228
184,63,247
179,68,247
165,49,214
161,55,216
181,62,243
166,57,223
158,61,219
164,49,213
174,67,241
162,55,217
168,59,227
167,60,227
169,59,228
163,59,222
162,66,228
179,56,235
162,56,218
176,67,243
168,72,240
181,68,249
178,67,245
175,58,233
162,63,225
183,84,267
172,62,234
171,62,233
180,62,242
171,55,226
176,69,245
161,56,217
170,54,224
170,56,226
169,61,230
160,55,215
163,59,222
169,62,231
175,56,231
175,62,237
170,67,237
170,68,238
176,69,245
186,67,253
166,59,225
168,50,218
165,67,232
171,67,238
167,68,235
161,61,222
168,66,234
160,56,216
174,74,248
169,53,222
169,58,227
166,63,229
176,63,239
175,61,236
170,41,211
161,47,208
163,64,227
174,54,228
162,56,218
155,54,209
166,64,230
171,53,224
161,53,214
174,70,244
163,52,215
169,61,230
176,62,238
180,68,248
170,55,225
173,58,231
159,64,223
174,67,241
165,57,222
173,62,235
160,67,227
167,56,223
165,51,216
164,54,218
152,53,205
172,69,241
179,66,245
162,57,219
149,45,194
166,62,228
173,66,239
170,56,226
167,72,239
177,70,247
163,56,219
173,63,236
157,57,214
176,59,235
163,60,223
164,72,236
166,64,230
173,64,237
180,69,249
176,70,246
162,64,226
174,72,246
169,59,228
165,57,222
174,69,243
163,60,223
167,57,224
179,64,243
172,58,230
177,68,245
179,66,245
161,50,211
161,51,212
158,53,211
162,54,216
173,72,245
181,75,256
172,59,231
165,62,227
178,62,240
169,60,229
174,60,234
165,64,229
168,74,242
168,71,239
173,72,245
153,53,206
166,67,233
171,69,240
176,69,245
165,58,223
166,69,235
160,59,219
158,56,214
167,74,241
175,72,247
170,71,241
181,69,250
168,62,230
164,64,228
169,70,239
173,50,223
160,58,218
173,67,240
154,39,193
174,60,234
160,61,221
171,66,237
173,66,239
174,72,246
155,62,217
183,60,243
170,64,234
178,64,242
171,64,235
175,62,237
183,64,247
176,63,239
167,53,220
170,65,235
180,69,249
190,77,267
173,65,238
171,59,230
167,46,213
155,61,216
174,65,239
173,57,230
166,57,223
174,60,234
166,72,238
160,54,214
186,73,259
168,70,238
177,69,246
170,64,234
163,52,215
156,56,212
178,65,243
157,56,213
164,55,219
182,73,255
162,58,220
166,41,207
168,61,229
175,57,232
169,54,223
178,66,244
168,74,242
157,47,204
171,69,240
158,58,216
169,64,233
178,56,234
173,71,244
173,61,234
177,71,248
162,50,212
175,62,237
172,58,230
162,66,228
174,65,239
170,61,231
173,54,227
167,64,231
166,47,213
167,57,224
177,62,239
169,52,221
166,61,227
171,61,232
176,67,243
175,66,241
173,60,233
185,72,257
183,71,254
177,58,235
155,53,208
152,49,201
161,56,217
171,77,248
165,61,226
180,74,254
180,70,250
160,56,216
157,64,221
180,64,244
162,48,210
174,65,239
178,66,244
164,53,217
156,63,219
170,58,228
173,63,236
167,63,230
176,68,244
160,57,217
164,56,220
168,66,234
166,55,221
170,67,237
176,65,241
162,52,214
173,67,240
172,60,232
171,67,238
160,52,212
160,46,206
182,70,252
170,60,230
166,62,228
175,67,242
170,63,233
173,61,234
170,55,225
159,59,218
168,73,241
181,69,250
174,76,250
158,58,216
168,63,231
166,73,239
168,63,231
168,60,228
180,64,244
176,65,241
173,71,244
154,40,194
169,61,230
157,51,208
162,60,222
176,63,239
166,56,222
169,54,223
171,73,244
158,49,207
164,51,215
173,54,227
160,50,210
167,63,230
165,65,230
170,58,228
164,53,217
177,70,247
172,68,240
174,77,251
172,58,230
161,57,218
167,61,228
163,57,220
181,60,241
163,49,212
175,69,244
159,54,213
172,59,231
172,63,235
161,62,223
167,58,225
171,60,231
169,60,229
155,49,204
173,56,229
177,59,236
184,65,249
158,57,215
181,60,241
175,70,245
179,64,243
181,68,249
182,72,254
185,71,256
163,61,224
164,59,223
167,61,228
163,57,220
176,51,227
167,59,226
175,60,235
161,58,219
175,57,232
163,61,224
181,67,248
167,68,235
168,68,236
175,67,242
159,55,214
164,66,230
166,58,224
184,68,252
164,58,222
180,62,242
162,61,223
167,67,234
166,64,230
189,73,262
174,71,245
171,58,229
160,56,216
172,72,244
177,65,242
171,65,236
171,54,225
164,55,219
162,59,221
175,61,236
174,66,240
180,76,256
155,48,203
176,61,237
176,60,236
175,68,243
173,69,242
166,58,224
160,61,221
165,70,235
170,54,224
165,57,222
170,60,230
168,52,220
160,54,214
169,59,228
173,55,228
165,68,233
163,51,214
176,55,231
156,60,216
172,55,227
175,66,241
171,57,228
165,57,222
167,69,236
168,56,224
162,52,214
170,67,237
177,53,230
162,67,229
162,64,226
151,50,201
168,61,229
182,81,263
169,57,226
171,70,241
167,57,224
179,67,246
174,73,247
170,57,227
167,50,217
165,61,226
176,71,247
152,55,207
163,64,227
174,67,241
161,59,220
161,49,210
171,62,233
183,70,253
174,69,243
173,56,229
169,55,224
167,66,233
180,64,244
163,67,230
171,75,246
185,67,252
157,64,221
156,56,212
166,50,216
167,59,226
165,58,223
175,59,234
158,50,208
159,55,214
169,55,224
167,66,233
165,55,220
161,55,216
173,63,236
172,72,244
167,68,235
175,59,234
170,61,231
176,57,233
168,61,229
160,72,232
180,61,241
164,64,228
169,57,226
177,63,240
180,77,257
176,60,236
157,50,207
167,65,232
179,60,239
172,59,231
171,60,231
147,62,209
171,65,236
165,51,216
171,62,233
171,65,236
168,60,228
179,57,236
170,62,232
173,65,238
175,60,235
169,57,226
162,59,221
162,57,219
171,60,231
172,57,229
171,74,245
166,65,231
167,41,208
158,64,222
163,51,214
165,60,225
170,69,239
168,64,232
168,62,230
163,70,233
170,68,238
173,63,236
168,66,234
175,53,228
169,59,228
176,68,244
177,63,240
172,59,231
168,53,221
179,65,244
179,72,251
168,50,218
178,62,240
169,59,228
170,54,224
166,54,220
178,59,237
176,72,248
174,65,239
175,58,233
162,62,224
166,65,231
175,68,243
179,65,244
172,68,240
157,56,213
163,71,234
175,66,241
178,54,232
177,57,234
167,57,224
164,61,225
163,53,216
162,67,229
160,54,214
163,55,218
168,61,229
169,58,227
179,72,251
164,59,223
172,58,230
167,59,226
167,70,237
163,60,223
173,69,242
175,68,243
167,59,226
168,65,233
172,57,229
167,71,238
183,65,248
182,65,247
170,54,224
169,62,231
164,62,226
163,47,210
176,70,246
182,72,254
172,61,233
165,62,227
166,46,212
179,62,241
164,61,225
175,50,225
171,62,233
172,60,232
167,65,232
156,52,208
169,59,228
171,62,233
177,67,244
167,60,227
172,73,245
171,65,236
172,68,240
162,50,212
171,62,233
166,63,229
162,46,208
164,64,228
171,67,238
170,53,223
176,63,239
166,51,217
162,56,218
169,61,230
173,68,241
153,53,206
178,61,239
164,68,232
162,72,234
174,72,246
168,67,235
177,68,245
176,49,225
169,56,225
177,55,232
168,58,226
168,50,218
162,57,219
176,63,239
152,49,201
170,57,227
175,72,247
169,62,231
181,64,245
175,71,246
167,64,231
158,52,210
164,62,226
165,56,221
166,61,227
170,64,234
170,61,231
173,53,226
175,56,231
163,66,229
178,70,248
163,60,223
179,62,241
157,56,213
168,65,233
171,50,221
179,66,245
153,55,208
165,65,230
170,60,230
168,66,234
171,55,226
174,55,229
155,66,221
166,66,232
164,65,229
172,69,241
176,81,257
164,64,228
164,65,229
164,56,220
170,72,242
175,67,242
175,69,244
163,56,219
181,69,250
165,69,234
170,60,230
179,65,244
161,56,217
168,57,225
177,63,240
163,64,227
173,68,241
160,62,222
167,68,235
153,52,205
166,60,226
168,62,230
171,76,247
173,60,233
165,60,225
176,66,242
170,58,228
163,51,214
165,60,225
179,51,230
172,56,228
161,56,217
164,70,234
174,56,230
157,43,200
171,63,234
184,80,264
172,67,239
174,60,234
169,54,223
156,61,217
172,71,243
173,72,245
175,64,239
160,61,221
163,54,217
178,74,252
164,68,232
164,51,215
168,59,227
171,64,235
155,53,208
176,70,246
172,69,241
174,66,240
167,63,230
166,62,228
164,60,224
172,51,223
162,39,201
170,64,234
155,55,210
162,51,213
178,56,234
170,76,246
170,51,221
156,55,211
157,65,222
177,60,237
168,62,230
171,59,230
177,69,246
158,56,214
164,68,232
167,57,224
172,65,237
166,58,224
177,57,234
169,61,230
168,53,221
166,63,229
162,51,213
158,59,217
168,65,233
172,59,231
172,55,227
170,52,222
172,60,232
183,70,253
169,64,233
167,51,218
162,55,217
179,66,245
171,56,227
159,52,211
179,63,242
164,67,231
183,59,242
161,61,222
173,62,235
174,60,234
169,59,228
165,55,220
175,64,239
163,49,212
160,55,215
177,61,238
159,50,209
175,65,240
169,64,233
171,65,236
164,60,224
158,42,200
169,64,233
165,67,232
163,54,217
160,65,225
160,59,219
176,69,245
167,71,238
174,68,242
165,43,208
172,79,251
177,58,235
162,61,223
168,65,233
154,71,225
179,55,234
183,60,243
180,77,257
169,55,224
182,64,246
160,57,217
176,62,238
171,78,249
178,64,242
172,54,226
169,58,227
157,53,210
169,64,233
162,54,216
164,57,221
161,67,228
164,53,217
165,66,231
161,67,228
164,67,231
164,53,217
171,63,234
173,59,232
163,58,221
175,64,239
155,50,205
156,62,218
170,50,220
160,50,210
177,67,244
172,64,236
166,59,225
175,52,227
168,59,227
155,52,207
169,57,226
170,69,239
163,49,212
161,57,218
166,64,230
159,63,222
184,72,256
181,66,247
174,69,243
172,61,233
182,58,240
165,61,226
166,56,222
164,56,220
168,61,229
167,59,226
174,66,240
172,66,238
179,69,248
168,66,234
172,66,238
169,64,233
162,58,220
163,51,214
181,55,236
168,70,238
174,69,243
164,52,216
166,69,235
176,70,246
172,65,237
148,42,190
173,68,241
170,58,228
164,54,218
168,58,226
168,56,224
173,59,232
163,56,219
171,66,237
166,60,226
171,67,238
168,54,222
173,64,237
175,53,228
164,58,222
161,61,222
165,62,227
173,75,248
177,67,244
169,67,236
164,53,217
174,69,243
166,60,226
169,65,234
177,56,233
166,58,224
177,68,245
170,72,242
162,62,224
163,64,227
180,71,251
171,61,232
165,57,222
171,73,244
170,68,238
163,59,222
167,60,227
159,67,226
169,61,230
175,53,228
173,59,232
167,57,224
161,62,223
178,65,243
178,64,242
165,61,226
163,61,224
155,55,210
177,62,239
174,53,227
171,56,227
170,73,243
162,58,220
164,43,207
176,68,244
164,69,233
181,70,251
171,66,237
169,52,221
164,63,227
168,58,226
176,61,237
170,50,220
172,57,229
170,64,234
176,64,240
178,71,249
184,59,243
173,59,232
178,72,250
167,63,230
174,63,237
163,54,217
159,59,218
174,62,236
181,70,251
166,57,223
163,56,219
182,65,247
154,52,206
175,65,240
176,69,245
162,53,215
158,58,216
162,55,217
151,57,208
158,61,219
166,70,236
163,63,226
166,58,224
169,69,238
170,64,234
173,46,219
170,58,228
165,55,220
170,61,231
171,55,226
174,67,241
170,60,230
172,57,229
173,58,231
162,65,227
175,56,231
168,59,227
167,56,223
180,77,257
156,62,218
161,64,225
168,62,230
171,59,230
175,72,247
160,48,208
164,68,232
165,61,226
178,62,240
174,65,239
166,52,218
169,71,240
187,74,261
170,58,228
165,58,223
175,68,243
170,65,235
175,58,233
168,61,229
171,55,226
174,66,240
169,69,238
165,60,225
176,64,240
166,55,221
175,70,245
164,60,224
172,69,241
177,55,232
186,73,259
174,68,242
176,76,252
182,54,236
176,53,229
175,61,236
173,56,229
179,62,241
164,59,223
174,67,241
169,51,220
171,69,240
164,61,225
181,74,255
171,49,220
170,67,237
167,60,227
170,66,236
173,60,233
172,58,230
154,46,200
159,58,217
171,57,228
168,64,232
172,65,237
171,63,234
164,59,223
164,54,218
175,66,241
158,56,214
172,59,231
171,62,233
162,58,220
175,70,245
170,65,235
170,71,241
177,73,250
174,61,235
173,65,238
172,57,229
165,51,216
169,60,229
171,58,229
174,63,237
164,56,220
170,69,239
167,62,229
173,70,243
173,68,241
170,61,231
167,68,235
164,69,233
166,60,226
174,72,246
178,65,243
170,68,238
162,60,222
163,49,212
171,59,230
168,68,236
172,62,234
174,60,234
163,68,231
170,70,240
169,68,237
164,57,221
150,57,207
165,66,231
159,55,214
168,56,224
177,68,245
171,61,232
179,62,241
176,60,236
166,66,232
167,67,234
176,74,250
164,54,218
179,71,250
166,61,227
157,49,206
169,60,229
169,51,220
167,59,226
174,62,236
159,64,223
178,70,248
158,68,226
172,57,229
168,69,237
163,59,222
161,72,233
168,64,232
164,58,222
171,66,237
156,50,206
168,59,227
165,59,224
162,59,221
176,53,229
174,56,230
164,60,224
170,56,226
178,65,243
174,71,245
163,64,227
167,64,231
183,66,249
172,59,231
162,66,228
162,50,212
164,63,227
175,72,247
164,74,238
168,55,223
159,61,220
159,55,214
165,63,228
166,61,227
175,68,243
168,61,229
163,60,223
167,63,230
170,62,232
160,63,223
171,53,224
158,62,220
164,55,219
161,57,218
177,72,249
163,63,226
166,58,224
168,55,223
164,63,227
172,58,230
177,69,246
167,64,231
166,63,229
176,59,235
171,61,232
163,61,224
161,64,225
166,68,234
167,64,231
174,67,241
170,61,231
175,57,232
179,77,256
170,62,232
152,51,203
168,64,232
171,62,233
179,83,262
182,68,250
175,68,243
162,59,221
165,57,222
183,65,248
178,62,240
164,55,219
161,58,219
175,78,253
177,71,248
173,57,230
178,65,243
163,48,211
168,60,228
174,56,230
171,65,236
172,66,238
177,67,244
174,63,237
178,64,242
165,64,229
172,76,248
165,62,227
180,67,247
165,61,226
181,74,255
157,57,214
169,57,226
174,59,233
164,53,217
165,62,227
153,51,204
171,65,236
170,53,223
165,58,223
175,49,224
166,59,225
167,66,233
175,64,239
179,51,230
152,55,207
162,62,224
166,64,230
162,58,220
173,62,235
166,51,217
180,66,246
167,59,226
169,74,243
168,54,222
166,69,235
169,51,220
168,53,221
171,68,239
177,65,242
165,55,220
168,61,229
182,67,249
178,59,237
170,72,242
166,63,229
169,56,225
171,57,228
163,55,218
182,70,252
161,56,217
178,62,240
168,65,233
175,48,223
167,66,233
182,69,251
167,67,234
173,70,243
167,66,233
184,63,247
166,64,230
174,64,238
174,63,237
166,57,223
167,63,230
156,44,200
176,65,241
160,51,211
173,66,239
167,57,224
160,56,216
172,67,239
172,65,237
170,70,240
167,67,234
164,58,222
164,58,222
159,63,222
174,70,244
160,65,225
170,64,234
167,68,235
173,66,239
169,60,229
170,56,226
168,66,234
170,72,242
168,67,235
175,65,240
162,57,219
167,60,227
162,68,230
162,57,219
154,44,198
176,72,248
154,54,208
166,63,229
176,69,245
170,59,229
170,60,230
173,61,234
163,61,224
162,69,231
165,53,218
161,63,224
164,58,222
170,68,238
174,66,240
178,69,247
178,70,248
184,65,249
177,83,260
165,52,217
172,65,237
159,47,206
170,64,234
159,54,213
177,81,258
178,71,249
163,46,209
162,59,221
187,67,254
165,59,224
177,61,238
164,64,228
182,62,244
169,64,233
176,54,230
155,62,217
167,71,238
167,60,227
172,64,236
171,63,234
157,51,208
185,73,258
154,51,205
162,62,224
169,55,224
161,59,220
173,73,246
163,58,221
175,64,239
171,56,227
155,60,215
169,65,234
170,56,226
179,61,240
169,66,235
177,65,242
171,63,234
166,58,224
155,54,209
173,78,251
168,69,237
165,64,229
172,58,230
178,63,241
164,54,218
176,61,237
171,53,224
168,60,228
162,62,224
175,69,244
169,60,229
171,62,233
173,71,244
178,62,240
158,60,218
164,59,223
172,59,231
156,48,204
174,53,227
179,66,245
170,68,238
167,62,229
164,61,225
162,59,221
165,54,219
178,63,241
169,56,225
175,55,230
183,72,255
167,65,232
177,72,249
173,63,236
180,61,241
173,67,240
181,63,244
183,61,244
173,64,237
162,60,222
169,66,235
164,59,223
166,69,235
159,49,208
168,61,229
171,56,227
177,61,238
179,56,235
165,62,227
172,65,237
181,61,242
169,55,224
161,61,222
175,54,229
161,60,221
173,63,236
165,62,227
156,47,203
168,59,227
174,63,237
168,58,226
161,51,212
171,68,239
160,69,229
165,62,227
174,66,240
161,60,221
169,64,233
161,59,220
163,62,225
170,60,230
158,42,200
159,55,214
153,47,200
166,48,214
171,64,235
163,59,222
170,51,221
165,52,217
169,65,234
179,68,247
168,67,235
169,70,239
161,53,214
174,61,235
160,58,218
164,53,217
177,63,240
168,62,230
175,68,243
176,70,246
174,59,233
169,65,234
166,72,238
160,63,223
174,55,229
172,63,235
159,56,215
164,57,221
166,52,218
173,62,235
165,57,222
168,59,227
166,51,217
168,62,230
168,60,228
179,66,245
161,55,216
174,62,236
177,61,238
174,51,225
173,69,242
171,53,224
166,66,232
164,60,224
165,54,219
172,63,235
176,71,247
167,59,226
174,65,239
165,52,217
159,69,228
181,74,255
172,57,229
171,61,232
170,62,232
167,60,227
164,42,206
171,79,250
163,55,218
160,63,223
163,51,214
163,64,227
165,60,225
164,67,231
165,58,223
161,65,226
186,66,252
175,57,232
173,66,239
172,62,234
164,66,230
172,62,234
157,60,217
179,66,245
164,53,217
179,61,240
156,53,209
163,67,230
173,64,237
168,54,222
169,62,231
170,56,226
167,65,232
170,58,228
165,57,222
169,64,233
167,54,221
182,58,240
171,64,235
165,57,222
170,55,225
154,66,220
170,56,226
174,58,232
158,56,214
161,61,222
170,62,232
176,60,236
162,60,222
169,59,228
157,57,214
170,68,238
174,73,247
169,70,239
175,72,247
164,60,224
160,50,210
170,72,242
168,76,244
178,60,238
166,56,222
180,71,251
175,56,231
172,64,236
160,69,229
170,64,234
159,55,214
178,70,248
168,75,243
164,55,219
179,68,247
158,62,220
173,67,240
175,71,246
178,65,243
158,51,209
162,57,219
162,62,224
161,62,223
177,59,236
172,63,235
165,56,221
174,59,233
174,49,223
180,60,240
171,56,227
172,69,241
169,69,238
165,65,230
172,62,234
183,73,256
175,61,236
177,60,237
167,58,225
163,63,226
170,54,224
160,54,214
176,65,241
162,71,233
171,62,233
171,71,242
163,57,220
167,48,215
162,51,213
174,62,236
166,54,220
160,44,204
166,54,220
174,70,244
166,63,229
174,58,232
171,61,232
168,51,219
173,55,228
172,53,225
170,55,225
167,64,231
168,59,227
167,59,226
166,56,222
169,60,229
173,72,245
154,64,218
164,51,215
168,69,237
170,64,234
160,58,218
172,66,238
174,68,242
170,55,225
156,56,212
165,62,227
172,53,225
181,65,246
159,62,221
166,67,233
167,69,236
164,69,233
167,74,241
176,65,241
178,58,236
175,60,235
160,53,213
172,62,234
164,61,225
160,63,223
173,62,235
180,70,250
166,64,230
169,79,248
167,59,226
159,64,223
178,68,246
164,55,219
176,62,238
178,56,234
170,64,234
180,77,257
171,63,234
161,61,222
167,56,223
163,62,225
177,69,246
166,53,219
175,63,238
165,67,232
171,58,229
168,61,229
161,57,218
169,61,230
169,59,228
175,74,249
169,59,228
181,68,249
171,60,231
172,69,241
173,66,239
173,58,231
166,61,227
176,58,234
161,49,210
170,63,233
164,67,231
172,66,238
162,65,227
170,57,227
169,61,230
174,51,225
160,60,220
172,65,237
167,57,224
171,73,244
176,50,226
160,52,212
158,60,218
171,73,244
174,56,230
174,65,239
158,53,211
162,62,224
168,57,225
170,58,228
153,60,213
166,59,225
166,53,219
168,62,230
167,61,228
169,55,224
160,63,223
168,63,231
166,57,223
165,52,217
168,58,226
171,69,240
163,55,218
174,61,235
166,58,224
170,62,232
172,69,241
171,74,245
166,72,238
169,63,232
173,69,242
174,64,238
168,65,233
171,67,238
171,48,219
161,51,212
190,70,260
177,59,236
182,58,240
174,67,241
170,66,236
170,66,236
171,61,232
165,57,222
167,62,229
182,69,251
180,64,244
160,54,214
170,64,234
166,66,232
186,70,256
173,66,239
168,65,233
158,54,212
174,68,242
173,69,242
172,70,242
177,64,241
164,48,212
157,56,213
173,66,239
163,65,228
166,57,223
177,64,241
157,49,206
163,61,224
163,66,229
159,65,224
166,63,229
176,62,238
172,63,235
171,73,244
172,61,233
166,48,214
152,42,194
172,72,244
178,65,243
180,56,236
167,58,225
162,59,221
165,56,221
167,65,232
161,53,214
174,63,237
172,60,232
179,70,249
170,67,237
175,65,240
173,49,222
167,69,236
169,54,223
153,52,205
172,65,237
173,62,235
182,65,247
179,64,243
163,56,219
160,62,222
171,66,237
163,66,229
169,57,226
163,54,217
173,56,229
164,50,214
172,52,224
167,55,222
164,62,226
175,67,242
176,69,245
166,59,225
170,58,228
161,54,215
179,70,249
174,67,241
169,73,242
174,74,248
172,64,236
166,52,218
170,62,232
175,53,228
159,66,225
180,65,245
175,59,234
173,63,236
170,66,236
165,66,231
170,66,236
160,58,218
167,73,240
171,59,230
161,65,226
169,62,231
169,61,230
171,66,237
177,59,236
177,61,238
173,60,233
166,65,231
164,61,225
161,67,228
177,63,240
170,49,219
180,69,249
165,56,221
167,70,237
172,58,230
166,68,234
167,60,227
177,61,238
170,63,233
166,60,226
167,52,219
173,65,238
177,65,242
167,68,235
172,59,231
171,61,232
170,53,223
157,54,211
172,60,232
166,55,221
166,60,226
160,61,221
174,64,238
166,72,238
163,64,227
165,59,224
168,62,230
161,56,217
175,64,239
172,63,235
163,65,228
166,57,223
166,68,234
184,75,259
170,65,235
179,68,247
166,70,236
164,48,212
175,70,245
179,57,236
165,63,228
174,71,245
175,66,241
159,51,210
173,58,231
163,65,228
181,62,243
172,62,234
160,70,230
164,55,219
172,64,236
168,66,234
165,60,225
172,63,235
173,70,243
147,61,208
175,66,241
171,67,238
169,65,234
172,53,225
170,68,238
165,55,220
169,65,234
167,61,228
167,59,226
177,60,237
173,58,231
164,72,236
169,69,238
169,59,228
175,72,247
175,63,238
173,68,241
166,51,217
182,69,251
180,67,247
163,52,215
164,64,228
179,68,247
170,72,242
175,60,235
173,54,227
167,61,228
170,70,240
168,60,228
165,68,233
163,68,231
161,55,216
158,57,215
174,68,242
164,68,232
170,64,234
174,64,238
183,62,245
161,55,216
174,70,244
163,57,220
169,65,234
170,70,240
176,60,236
174,70,244
179,70,249
176,70,246
168,64,232
159,62,221
161,57,218
169,60,229
168,56,224
167,67,234
174,58,232
169,60,229
168,58,226
172,53,225
184,73,257
176,50,226
174,70,244
161,58,219
172,65,237
165,59,224
157,49,206
160,48,208
158,53,211
170,66,236
175,67,242
165,63,228
167,68,235
173,67,240
164,59,223
172,68,240
153,61,214
172,65,237
175,68,243
174,63,237
166,57,223
173,68,241
181,59,240
176,67,243
166,62,228
177,67,244
156,57,213
169,72,241
170,50,220
172,67,239
177,64,241
170,66,236
163,64,227
154,64,218
173,56,229
166,57,223
163,62,225
172,52,224
169,66,235
155,70,225
175,69,244
170,50,220
158,49,207
174,59,233
178,62,240
167,61,228
172,65,237
155,70,225
159,44,203
173,63,236
170,63,233
167,63,230
180,85,265
149,50,199
172,65,237
169,63,232
166,61,227
180,63,243
170,67,237
172,67,239
167,57,224
178,78,256
163,65,228
165,51,216
168,62,230
165,47,212
169,76,245
169,65,234
169,68,237
169,69,238
170,63,233
170,54,224
173,65,238
180,58,238
171,54,225
176,66,242
157,59,216
178,56,234
178,64,242
166,55,221
161,62,223
174,70,244
181,61,242
161,54,215
174,67,241
160,55,215
171,64,235
175,69,244
183,65,248
169,63,232
166,68,234
170,60,230
175,72,247
172,63,235
158,66,224
168,66,234
164,58,222
174,70,244
176,78,254
164,66,230
171,71,242
181,61,242
180,66,246
170,68,238
165,60,225
166,62,228
161,61,222
172,59,231
172,59,231
176,66,242
163,52,215
170,63,233
170,68,238
178,59,237
171,63,234
180,70,250
167,59,226
158,49,207
177,73,250
171,70,241
172,67,239
163,54,217
174,62,236
162,51,213
164,72,236
154,63,217
174,67,241
172,65,237
168,59,227
155,62,217
162,64,226
159,68,227
175,57,232
169,44,213
167,61,228
163,59,222
170,56,226
176,52,228
159,58,217
163,58,221
169,72,241
162,61,223
171,63,234
155,54,209
169,49,218
159,58,217
177,59,236
166,62,228
151,60,211
164,63,227
175,65,240
165,64,229
172,61,233
157,57,214
170,56,226
157,53,210
166,55,221
167,53,220
177,62,239
168,63,231
167,50,217
163,61,224
160,52,212
159,58,217
168,59,227
168,63,231
172,52,224
160,56,216
167,62,229
165,48,213
169,66,235
165,63,228
175,57,232
172,61,233
172,71,243
170,64,234
169,58,227
171,57,228
167,62,229
179,65,244
165,57,222
170,60,230
171,69,240
166,56,222
153,59,212
162,66,228
178,69,247
175,60,235
175,57,232
175,70,245
176,74,250
176,79,255
172,58,230
175,64,239
187,75,262
165,42,207
168,59,227
167,56,223
178,62,240
174,61,235
163,63,226
166,56,222
178,55,233
178,59,237
179,58,237
150,63,213
171,65,236
185,66,251
167,68,235
160,46,206
159,59,218
174,60,234
173,61,234
177,57,234
166,49,215
167,64,231
174,61,235
176,70,246
177,64,241
161,59,220
173,57,230
165,63,228
188,61,249
163,57,220
174,59,233
166,60,226
163,64,227
175,75,250
169,62,231
181,64,245
175,51,226
178,67,245
176,66,242
182,65,247
178,60,238
172,52,224
165,58,223
176,69,245
182,67,249
169,61,230
170,54,224
174,59,233
183,54,237
169,57,226
168,65,233
173,73,246
170,62,232
172,61,233
187,70,257
164,60,224
166,58,224
178,67,245
186,60,246
164,63,227
172,58,230
167,69,236
159,62,221
168,58,226
139,53,192
173,61,234
169,53,222
174,60,234
179,72,251
165,68,233
169,55,224
171,64,235
171,64,235
174,68,242
162,69,231
172,58,230
174,75,249
176,69,245
179,67,246
173,68,241
178,67,245
175,58,233
168,65,233
154,54,208
164,63,227
169,66,235
164,61,225
173,70,243
156,47,203
178,72,250
169,58,227
166,59,225
158,53,211
169,65,234
170,47,217
171,62,233
164,50,214
177,63,240
173,58,231
170,61,231
173,61,234
165,68,233
172,66,238
167,61,228
165,55,220
162,53,215
172,73,245
166,57,223
163,67,230
150,44,194
171,67,238
169,59,228
160,51,211
152,48,200
170,54,224
166,52,218
164,68,232
161,53,214
159,59,218
178,73,251
164,62,226
167,62,229
172,59,231
167,52,219
181,61,242
162,57,219
165,61,226
170,59,229
174,61,235
180,69,249
159,72,231
166,67,233
179,66,245
161,54,215
167,66,233
168,64,232
174,60,234
172,62,234
163,60,223
164,60,224
176,74,250
161,67,228
162,51,213
166,64,230
162,58,220
182,62,244
160,58,218
164,57,221
173,58,231
160,58,218
178,76,254
164,69,233
168,58,226
165,63,228
161,58,219
158,54,212
167,53,220
178,68,246
175,73,248
171,69,240
173,70,243
168,63,231
177,73,250
172,57,229
160,49,209
165,55,220
164,58,222
171,71,242
168,60,228
162,55,217
174,57,231
174,71,245
184,47,231
162,59,221
165,54,219
188,73,261
174,65,239
173,58,231
180,69,249
166,48,214
170,60,230
173,63,236
166,54,220
169,73,242
166,63,229
171,67,238
174,60,234
168,63,231
180,72,252
176,56,232
174,64,238
167,57,224
170,66,236
165,57,222
158,61,219
164,57,221
173,63,236
166,58,224
167,60,227
176,63,239
182,70,252
171,59,230
170,61,231
164,54,218
167,55,222
172,62,234
169,54,223
161,57,218
175,62,237
173,61,234
169,61,230
165,74,239
182,66,248
169,60,229
168,64,232
173,67,240
172,56,228
178,60,238
164,58,222
155,57,212
167,57,224
169,66,235
177,56,233
183,68,251
178,68,246
167,69,236
173,72,245
167,60,227
176,69,245
175,62,237
172,60,232
175,75,250
166,59,225
166,60,226
158,53,211
171,72,243
178,65,243
161,57,218
176,67,243
185,77,262
160,61,221
166,69,235
162,55,217
174,68,242
164,52,216
164,61,225
173,67,240
157,62,219
169,74,243
171,57,228
174,61,235
168,75,243
173,75,248
180,67,247
157,57,214
179,73,252
156,62,218
164,66,230
168,68,236
178,68,246
173,71,244
163,59,222
176,63,239
178,75,253
167,71,238
166,51,217
175,54,229
191,77,268
157,49,206
170,59,229
178,70,248
172,62,234
175,59,234
173,61,234
172,54,226
171,65,236
173,72,245
171,60,231
177,67,244
172,63,235
167,70,237
171,70,241
179,69,248
177,61,238
163,55,218
174,65,239
185,64,249
163,57,220
168,60,228
183,70,253
167,61,228
169,65,234
176,66,242
173,57,230
175,66,241
176,77,253
171,57,228
177,67,244
176,57,233
166,67,233
168,60,228
172,56,228
172,62,234
167,53,220
166,63,229
164,53,217
162,72,234
172,69,241
186,53,239
160,59,219
171,63,234
180,54,234
171,57,228
163,52,215
164,60,224
159,64,223
161,59,220
174,63,237
169,57,226
157,60,217
166,55,221
168,64,232
163,60,223
174,71,245
171,67,238
175,66,241
169,60,229
165,61,226
166,61,227
167,59,226
161,71,232
170,72,242
161,50,211
160,59,219
170,61,231
163,59,222
166,65,231
168,51,219
174,62,236
174,66,240
171,63,234
172,61,233
178,64,242
171,61,232
166,57,223
157,54,211
159,54,213
174,66,240
178,60,238
166,61,227
169,58,227
174,54,228
179,52,231
179,68,247
156,54,210
171,68,239
181,71,252
165,62,227
167,65,232
152,55,207
175,66,241
162,70,232
167,50,217
155,47,202
176,61,237
181,60,241
172,59,231
176,81,257
168,68,236
176,67,243
174,60,234
168,46,214
176,65,241
177,69,246
166,46,212
153,41,194
178,53,231
168,62,230
172,63,235
166,61,227
164,47,211
161,61,222
172,54,226
169,57,226
179,65,244
167,52,219
170,60,230
166,72,238
170,50,220
156,55,211
168,70,238
180,77,257
159,51,210
171,51,222
174,54,228
168,60,228
167,66,233
170,60,230
172,65,237
162,58,220
177,61,238
176,81,257
176,71,247
170,76,246
175,71,246
170,60,230
169,57,226
177,68,245
168,62,230
176,54,230
172,57,229
165,52,217
169,61,230
164,58,222
164,43,207
156,54,210
179,60,239
177,65,242
169,60,229
174,57,231
168,49,217
172,61,233
175,55,230
176,67,243
166,55,221
170,62,232
170,73,243
171,66,237
166,59,225
164,63,227
167,60,227
172,63,235
163,47,210
171,56,227
175,63,238
172,65,237
172,59,231
165,67,232
150,42,192
182,74,256
167,58,225
161,60,221
168,58,226
164,39,203
171,56,227
167,70,237
167,56,223
179,70,249
163,48,211
170,72,242
173,75,248
180,65,245
166,57,223
163,61,224
170,55,225
165,73,238
179,74,253
170,67,237
160,57,217
179,70,249
172,69,241
180,64,244
167,56,223
174,60,234
173,65,238
164,62,226
160,56,216
161,52,213
162,63,225
166,62,228
163,46,209
166,65,231
160,61,221
166,62,228
183,63,246
171,66,237
178,61,239
162,56,218
180,47,227
170,56,226
169,53,222
165,72,237
170,57,227
161,65,226
171,59,230
173,60,233
171,60,231
166,53,219
170,73,243
177,77,254
176,72,248
157,70,227
175,63,238
176,49,225
172,63,235
174,72,246
163,43,206
170,66,236
165,66,231
177,62,239
169,68,237
167,63,230
173,64,237
170,71,241
165,73,238
163,57,220
162,51,213
165,63,228
163,53,216
179,65,244
173,50,223
165,58,223
157,57,214
175,64,239
165,56,221
180,75,255
159,59,218
167,51,218
180,70,250
186,64,250
160,54,214
165,64,229
171,67,238
191,68,259
169,68,237
167,49,216
162,60,222
169,61,230
158,57,215
151,57,208
167,56,223
177,52,229
169,71,240
161,61,222
172,49,221
169,65,234
168,64,232
160,75,235
165,52,217
172,56,228
169,62,231
158,56,214
171,73,244
174,52,226
169,56,225
176,57,233
173,65,238
173,63,236
162,64,226
177,59,236
178,80,258
176,73,249
179,68,247
169,52,221
159,61,220
163,67,230
173,67,240
175,76,251
172,52,224
176,60,236
167,57,224
178,69,247
171,63,234
173,56,229
161,62,223
165,62,227
165,69,234
171,56,227
170,70,240
164,58,222
166,57,223
163,61,224
159,53,212
171,62,233
168,63,231
168,64,232
151,54,205
175,61,236
165,53,218
168,57,225
170,62,232
176,60,236
162,57,219
158,63,221
173,77,250
170,66,236
172,67,239
176,56,232
167,76,243
181,78,259
168,69,237
175,68,243
168,53,221
163,64,227
169,60,229
173,62,235
173,70,243
148,59,207
174,67,241
173,66,239
166,67,233
181,72,253
174,69,243
173,56,229
178,70,248
161,47,208
182,59,241
172,60,232
173,66,239
171,61,232
175,65,240
178,60,238
162,62,224
170,64,234
170,61,231
167,57,224
174,69,243
161,70,231
164,72,236
168,72,240
158,56,214
185,60,245
163,57,220
168,71,239
181,71,252
181,56,237
168,72,240
163,63,226
179,67,246
177,72,249
167,71,238
174,66,240
167,60,227
168,56,224
170,67,237
165,54,219
173,64,237
176,61,237
171,53,224
167,61,228
169,55,224
173,51,224
177,61,238
181,66,247
178,61,239
168,65,233
171,65,236
172,60,232
175,64,239
161,54,215
169,63,232
165,66,231
172,72,244
163,64,227
167,58,225
166,63,229
170,60,230
158,54,212
177,58,235
178,61,239
172,53,225
168,64,232
176,66,242
168,67,235
183,58,241
174,64,238
170,59,229
174,67,241
162,57,219
171,60,231
162,57,219
170,57,227
162,60,222
169,51,220
162,58,220
161,69,230
173,75,248
159,55,214
165,48,213
158,45,203
164,66,230
173,64,237
174,55,229
177,59,236
171,66,237
169,49,218
164,59,223
186,75,261
174,64,238
182,60,242
174,55,229
169,59,228
165,51,216
162,57,219
170,59,229
166,56,222
161,70,231
166,58,224
173,61,234
161,58,219
169,65,234
168,60,228
174,77,251
176,58,234
168,61,229
171,56,227
166,52,218
173,65,238
151,56,207
164,53,217
170,58,228
161,59,220
162,63,225
180,65,245
166,52,218
174,66,240
168,73,241
167,63,230
169,57,226
165,64,229
178,63,241
161,60,221
175,70,245
172,62,234
163,63,226
165,70,235
165,61,226
169,54,223
184,53,237
175,69,244
159,54,213
163,54,217
176,72,248
182,83,265
170,51,221
160,54,214
171,61,232
173,68,241
171,69,240
178,64,242
159,55,214
173,67,240
151,52,203
172,64,236
157,46,203
174,57,231
165,57,222
162,55,217
168,45,213
171,64,235
164,48,212
174,76,250
155,55,210
166,53,219
166,65,231
167,65,232
163,63,226
161,51,212
169,72,241
170,66,236
174,56,230
170,65,235
178,76,254
172,65,237
151,46,197
174,72,246
162,52,214
168,64,232
161,57,218
174,47,221
169,60,229
167,54,221
172,47,219
156,64,220
167,57,224
171,65,236
168,67,235
175,65,240
172,70,242
171,58,229
164,64,228
172,50,222
161,60,221
168,51,219
167,51,218
171,61,232
166,49,215
170,68,238
175,62,237
161,51,212
170,63,233
186,73,259
171,68,239
173,66,239
163,63,226
176,59,235
175,71,246
165,68,233
166,60,226
166,49,215
170,58,228
176,63,239
173,74,247
170,78,248
162,61,223
163,73,236
171,60,231
163,58,221
165,58,223
170,71,241
167,64,231
183,61,244
172,66,238
172,72,244
163,62,225
171,61,232
174,67,241
168,64,232
175,69,244
184,70,254
163,57,220
178,63,241
172,63,235
169,59,228
165,56,221
177,71,248
169,68,237
163,59,222
178,70,248
145,59,204
178,61,239
176,68,244
175,54,229
172,59,231
165,61,226
167,70,237
174,59,233
170,60,230
176,64,240
172,57,229
160,62,222
164,54,218
180,61,241
171,56,227
165,76,241
161,62,223
170,62,232
170,62,232
179,69,248
179,68,247
174,77,251
174,69,243
168,71,239
173,65,238
175,63,238
173,65,238
177,65,242
168,53,221
158,52,210
178,62,240
168,59,227
169,53,222
175,68,243
164,68,232
168,62,230
167,61,228
164,48,212
165,48,213
176,65,241
168,60,228
168,61,229
175,62,237
175,55,230
165,64,229
167,55,222
162,53,215
167,59,226
174,69,243
165,52,217
172,52,224
155,48,203
156,61,217
177,72,249
162,65,227
178,67,245
168,52,220
168,65,233
183,62,245
176,60,236
168,63,231
175,65,240
157,60,217
163,69,232
182,69,251
173,62,235
160,63,223
169,62,231
175,67,242
175,62,237
160,65,225
150,51,201
174,56,230
155,55,210
177,69,246
163,51,214
163,61,224
164,59,223
167,72,239
167,49,216
167,64,231
160,59,219
175,69,244
168,70,238
171,59,230
169,69,238
171,76,247
165,58,223
172,70,242
172,66,238
165,55,220
167,64,231
176,63,239
156,61,217
160,60,220
172,62,234
160,44,204
161,69,230
168,55,223
177,62,239
160,53,213
159,55,214
179,78,257
166,63,229
172,55,227
171,64,235
161,62,223
158,61,219
168,59,227
167,60,227
171,65,236
162,66,228
167,51,218
181,71,252
166,52,218
158,50,208
167,69,236
172,71,243
186,79,265
170,69,239
173,60,233
159,62,221
172,68,240
170,58,228
171,59,230
150,61,211
175,72,247
165,57,222
172,60,232
174,56,230
161,62,223
167,53,220
172,68,240
170,60,230
159,62,221
165,66,231
162,58,220
182,68,250
166,72,238
168,65,233
166,67,233
178,68,246
167,68,235
159,61,220
172,67,239
169,72,241
165,54,219
170,54,224
181,71,252
180,78,258
182,61,243
164,66,230
166,57,223
162,55,217
171,68,239
173,61,234
173,62,235
176,67,243
184,74,258
159,61,220
163,55,218
178,62,240
163,52,215
169,63,232
164,50,214
159,57,216
163,56,219
176,71,247
174,67,241
179,77,256
168,57,225
178,63,241
174,60,234
162,64,226
161,66,227
161,54,215
175,62,237
166,65,231
174,65,239
171,54,225
185,64,249
176,50,226
172,71,243
165,73,238
172,65,237
170,67,237
170,61,231
171,64,235
169,61,230
165,62,227
168,71,239
152,63,215
187,64,251
183,67,250
169,60,229
158,58,216
165,62,227
181,63,244
174,51,225
171,52,223
176,78,254
175,68,243
167,64,231
159,52,211
173,68,241
160,61,221
169,64,233
163,56,219
176,55,231
169,54,223
180,73,253
160,65,225
164,71,235
164,56,220
172,63,235
176,69,245
167,67,234
170,65,235
175,64,239
173,64,237
166,56,222
169,54,223
163,59,222
172,62,234
173,67,240
175,74,249
179,69,248
156,48,204
178,74,252
175,60,235
171,62,233
173,68,241
169,60,229
178,66,244
160,52,212
172,69,241
173,63,236
165,59,224
176,60,236
169,75,244
168,63,231
165,57,222
166,67,233
162,53,215
161,55,216
170,73,243
180,64,244
165,61,226
178,57,235
169,53,222
163,57,220
175,68,243
167,60,227
174,58,232
177,68,245
177,48,225
175,63,238
160,61,221
172,59,231
166,62,228
167,57,224
166,66,232
163,58,221
176,79,255
175,63,238
176,63,239
157,62,219
163,56,219
179,70,249
179,71,250
165,61,226
169,57,226
170,58,228
170,62,232
158,47,205
163,64,227
157,60,217
173,67,240
165,63,228
172,69,241
173,63,236
171,60,231
173,66,239
163,51,214
175,56,231
179,76,255
166,59,225
176,59,235
173,67,240
178,63,241
166,49,215
172,70,242
162,51,213
171,63,234
160,63,223
168,65,233
174,58,232
177,68,245
169,59,228
169,53,222
169,60,229
163,64,227
173,67,240
169,59,228
172,57,229
159,56,215
176,62,238
164,46,210
169,62,231
183,61,244
167,65,232
168,63,231
175,65,240
170,61,231
173,70,243
161,58,219
172,56,228
172,51,223
173,62,235
156,63,219
168,64,232
174,69,243
172,63,235
169,63,232
166,55,221
165,57,222
175,69,244
167,64,231
165,62,227
178,61,239
162,50,212
176,69,245
176,54,230
176,55,231
165,64,229
168,55,223
161,49,210
173,52,225
161,69,230
180,64,244
171,70,241
163,55,218
170,56,226
165,65,230
159,52,211
176,73,249
170,55,225
174,74,248
176,59,235
165,66,231
170,62,232
167,62,229
177,55,232
169,67,236
173,64,237
164,60,224
160,55,215
171,67,238
180,70,250
170,48,218
166,55,221
172,65,237
169,64,233
179,57,236
169,68,237
174,68,242
167,61,228
171,62,233
167,69,236
177,55,232
169,58,227
170,59,229
161,66,227
159,55,214
174,60,234
155,68,223
170,67,237
172,60,232
170,52,222
169,64,233
173,51,224
159,56,215
163,66,229
171,72,243
169,63,232
160,53,213
169,56,225
168,54,222
179,62,241
180,64,244
170,55,225
161,53,214
166,59,225
175,63,238
170,65,235
172,69,241
160,60,220
160,65,225
164,64,228
176,62,238
165,59,224
162,56,218
178,61,239
181,73,254
162,59,221
158,71,229
183,72,255
160,56,216
178,64,242
177,58,235
179,74,253
184,64,248
175,64,239
164,58,222
171,58,229
170,70,240
171,67,238
169,62,231
179,61,240
163,67,230
168,57,225
160,58,218
177,61,238
163,42,205
180,58,238
161,53,214
170,54,224
175,55,230
166,67,233
172,54,226
162,57,219
173,55,228
178,58,236
173,51,224
173,63,236
177,63,240
181,66,247
160,55,215
184,79,263
172,61,233
160,55,215
164,63,227
173,62,235
164,55,219
175,63,238
166,68,234
178,65,243
158,56,214
164,54,218
171,58,229
171,65,236
166,53,219
152,54,206
178,62,240
172,72,244
175,62,237
163,55,218
177,65,242
162,58,220
168,64,232
169,60,229
176,70,246
167,54,221
175,59,234
180,72,252
170,52,222
170,65,235
173,65,238
176,56,232
178,61,239
162,61,223
167,62,229
180,74,254
172,50,222
163,53,216
172,67,239
168,55,223
171,58,229
163,67,230
177,77,254
169,62,231
166,50,216
169,60,229
165,62,227
175,65,240
169,68,237
172,61,233
169,55,224
168,55,223
171,60,231
165,65,230
162,60,222
174,70,244
161,64,225
169,55,224
186,82,268
170,72,242
172,66,238
167,52,219
172,70,242
173,69,242
174,69,243
166,59,225
179,70,249
175,60,235
169,61,230
165,56,221
169,57,226
172,60,232
175,65,240
161,74,235
185,76,261
166,63,229
169,70,239
163,54,217
170,65,235
172,69,241
173,54,227
165,51,216
158,62,220
171,68,239
169,75,244
181,60,241
180,67,247
173,67,240
163,53,216
159,58,217
175,55,230
172,57,229
172,66,238
161,61,222
173,60,233
170,53,223
160,63,223
173,62,235
167,65,232
166,70,236
169,64,233
164,61,225
178,69,247
161,66,227
178,54,232
180,58,238
165,56,221
181,65,246
167,57,224
171,60,231
178,69,247
168,67,235
176,68,244
164,61,225
172,73,245
161,49,210
159,59,218
171,51,222
161,61,222
165,59,224
157,59,216
174,63,237
171,55,226
165,61,226
177,67,244
172,71,243
157,61,218
170,59,229
173,57,230
168,63,231
172,66,238
174,59,233
166,59,225
170,61,231
172,64,236
172,67,239
164,66,230
168,65,233
172,72,244
177,73,250
169,63,232
170,62,232
178,64,242
180,67,247
168,55,223
184,71,255
166,57,223
175,68,243
176,55,231
172,78,250
161,58,219
169,59,228
174,72,246
177,61,238
171,61,232
176,59,235
174,66,240
169,66,235
158,63,221
165,59,224
169,63,232
168,55,223
172,64,236
166,65,231
186,64,250
168,65,233
169,66,235
182,72,254
164,51,215
170,63,233
168,63,231
165,62,227
180,69,249
167,66,233
181,77,258
170,66,236
169,62,231
164,57,221
167,73,240
174,67,241
165,61,226
168,64,232
165,57,222
159,55,214
172,79,251
179,74,253
170,56,226
158,61,219
168,65,233
158,60,218
167,61,228
161,55,216
178,59,237
157,58,215
161,64,225
174,60,234
157,55,212
174,54,228
168,49,217
172,72,244
162,62,224
168,65,233
166,65,231
164,60,224
172,66,238
170,54,224
169,68,237
176,59,235
171,56,227
160,62,222
167,64,231
164,66,230
166,72,238
185,72,257
164,57,221
172,62,234
166,58,224
174,59,233
163,59,222
174,60,234
167,53,220
171,69,240
172,68,240
175,66,241
172,54,226
168,46,214
168,70,238
182,73,255
155,60,215
162,60,222
179,64,243
151,57,208
175,68,243
161,60,221
173,63,236
170,62,232
164,62,226
165,47,212
160,44,204
173,54,227
181,69,250
179,72,251
159,61,220
170,62,232
164,58,222
177,56,233
161,59,220
176,60,236
183,70,253
166,59,225
156,61,217
160,52,212
171,64,235
163,60,223
176,74,250
175,65,240
156,57,213
173,61,234
174,55,229
177,58,235
170,72,242
186,76,262
161,58,219
179,48,227
158,56,214
163,63,226
175,58,233
177,75,252
169,66,235
178,63,241
178,74,252
170,61,231
167,62,229
179,57,236
171,61,232
183,62,245
174,56,230
176,64,240
169,69,238
168,62,230
163,61,224
171,58,229
170,50,220
172,62,234
183,66,249
160,63,223
167,65,232
158,57,215
173,59,232
173,69,242
168,62,230
173,51,224
183,61,244
171,51,222
169,55,224
177,64,241
156,55,211
167,65,232
156,69,225
169,65,234
174,53,227
166,52,218
185,69,254
169,63,232
155,44,199
169,65,234
179,68,247
162,59,221
179,71,250
148,44,192
169,67,236
170,50,220
171,59,230
162,61,223
174,54,228
169,67,236
174,66,240
158,61,219
166,53,219
170,59,229
165,54,219
174,60,234
172,61,233
170,58,228
171,64,235
167,66,233
165,62,227
180,77,257
155,62,217
169,65,234
172,70,242
170,59,229
169,59,228
174,64,238
171,62,233
179,70,249
172,64,236
177,59,236
174,64,238
171,64,235
169,73,242
166,52,218
175,66,241
169,57,226
163,52,215
179,67,246
168,58,226
156,50,206
163,58,221
164,60,224
177,64,241
177,64,241
170,69,239
164,54,218
170,63,233
171,59,230
159,57,216
166,60,226
168,60,228
170,60,230
159,59,218
166,64,230
174,70,244
177,59,236
172,77,249
168,71,239
171,64,235
168,56,224
165,54,219
171,58,229
178,63,241
172,63,235
174,68,242
172,64,236
162,61,223
175,66,241
172,68,240
171,50,221
169,58,227
171,63,234
162,58,220
159,65,224
168,60,228
182,66,248
174,62,236
173,66,239
174,66,240
165,69,234
177,78,255
172,60,232
165,58,223
177,68,245
168,64,232
163,52,215
166,55,221
167,59,226
174,63,237
158,64,222
160,58,218
156,55,211
171,61,232
177,63,240
158,59,217
164,57,221
166,76,242
171,67,238
171,71,242
174,73,247
186,55,241
166,64,230
161,62,223
169,65,234
171,53,224
165,59,224
174,59,233
167,63,230
170,58,228
167,58,225
163,69,232
164,61,225
169,66,235
168,64,232
178,62,240
165,64,229
176,45,221
153,53,206
169,60,229
172,66,238
157,50,207
166,50,216
182,62,244
171,56,227
167,50,217
159,63,222
175,70,245
162,71,233
160,65,225
170,75,245
166,61,227
167,61,228
166,70,236
164,68,232
167,52,219
175,65,240
168,63,231
174,72,246
157,58,215
166,61,227
167,62,229
184,66,250
170,66,236
162,55,217
177,69,246
173,68,241
168,76,244
169,66,235
165,53,218
176,63,239
165,62,227
172,62,234
178,66,244
158,53,211
176,70,246
170,62,232
173,61,234
166,56,222
173,69,242
164,60,224
171,64,235
166,63,229
168,55,223
165,51,216
168,69,237
176,61,237
170,68,238
170,66,236
177,63,240
163,49,212
174,71,245
169,68,237
166,43,209
170,54,224
163,64,227
159,53,212
180,64,244
160,60,220
168,66,234
177,62,239
153,55,208
154,58,212
175,67,242
177,60,237
174,74,248
183,58,241
174,66,240
170,52,222
161,55,216
170,55,225
176,54,230
175,62,237
173,52,225
162,58,220
178,54,232
175,72,247
171,51,222
158,48,206
169,66,235
177,53,230
161,59,220
164,51,215
167,69,236
169,50,219
179,74,253
161,46,207
166,56,222
172,64,236
167,75,242
173,73,246
176,66,242
167,65,232
170,58,228
161,57,218
170,59,229
169,60,229
165,50,215
171,66,237
161,59,220
168,64,232
165,48,213
156,45,201
176,65,241
171,66,237
178,54,232
176,62,238
184,73,257
173,63,236
180,55,235
169,62,231
163,58,221
170,61,231
167,57,224
177,65,242
164,59,223
176,71,247
171,64,235
178,61,239
170,64,234
160,58,218
161,63,224
157,43,200
174,67,241
179,68,247
174,56,230
176,64,240
158,63,221
181,68,249
169,69,238
165,63,228
174,58,232
179,69,248
165,56,221
163,58,221
156,60,216
174,74,248
163,51,214
165,58,223
160,52,212
160,44,204
174,67,241
166,52,218
170,58,228
171,61,232
166,58,224
180,61,241
177,64,241
167,70,237
157,53,210
174,65,239
170,59,229
166,61,227
178,71,249
157,49,206
157,60,217
166,56,222
165,65,230
183,66,249
168,60,228
165,57,222
166,58,224
182,68,250
171,67,238
178,72,250
162,55,217
169,62,231
174,65,239
163,41,204
154,64,218
181,63,244
170,66,236
168,56,224
169,67,236
176,66,242
170,59,229
165,60,225
179,56,235
173,60,233
163,56,219
165,49,214
164,61,225
161,47,208
174,62,236
165,63,228
174,64,238
180,58,238
170,67,237
174,62,236
177,69,246
180,70,250
166,56,222
177,56,233
167,63,230
169,61,230
169,58,227
174,68,242
175,71,246
174,61,235
178,64,242
170,58,228
166,61,227
171,67,238
170,70,240
170,68,238
177,65,242
172,53,225
163,57,220
167,73,240
172,53,225
172,79,251
167,56,223
168,56,224
165,59,224
175,67,242
173,53,226
148,41,189
171,64,235
176,59,235
169,60,229
170,54,224
180,65,245
158,42,200
172,62,234
164,57,221
171,63,234
170,63,233
173,65,238
173,64,237
177,57,234
170,66,236
168,67,235
171,55,226
167,60,227
170,66,236
171,70,241
179,60,239
166,55,221
182,69,251
156,65,221
171,60,231
173,61,234
176,62,238
161,61,222
168,57,225
175,50,225
175,61,236
173,53,226
179,65,244
167,59,226
169,60,229
184,55,239
171,71,242
172,61,233
167,53,220
164,64,228
157,46,203
164,61,225
169,58,227
166,70,236
154,61,215
181,70,251
173,64,237
171,56,227
172,71,243
165,71,236
177,63,240
178,75,253
160,53,213
173,67,240
165,61,226
173,66,239
162,51,213
171,60,231
164,56,220
163,68,231
170,67,237
164,68,232
175,65,240
174,66,240
170,69,239
180,69,249
178,75,253
169,57,226
170,62,232
168,57,225
164,56,220
167,57,224
174,69,243
172,57,229
166,58,224
160,63,223
162,70,232
169,66,235
172,58,230
175,66,241
175,63,238
174,60,234
175,58,233
169,62,231
164,68,232
172,61,233
168,62,230
179,57,236
168,61,229
152,60,212
165,53,218
153,51,204
167,55,222
167,57,224
169,65,234
168,64,232
160,60,220
172,64,236
183,56,239
163,62,225
167,50,217
155,59,214
165,59,224
181,64,245
157,53,210
164,53,217
157,57,214
173,70,243
173,61,234
168,62,230
173,54,227
170,63,233
184,71,255
173,58,231
159,68,227
170,61,231
169,59,228
157,53,210
166,62,228
169,59,228
168,68,236
161,56,217
178,59,237
174,61,235
159,61,220
172,65,237
175,68,243
177,73,250
160,59,219
176,70,246
164,63,227
183,60,243
168,56,224
165,57,222
165,65,230
178,73,251
176,72,248
163,65,228
161,76,237
160,61,221
172,64,236
177,62,239
155,59,214
158,62,220
165,61,226
175,62,237
171,71,242
167,52,219
177,74,251
160,61,221
175,73,248
174,71,245
174,64,238
164,64,228
177,67,244
162,62,224
162,58,220
162,46,208
169,64,233
184,72,256
173,68,241
170,51,221
169,63,232
164,60,224
161,57,218
170,68,238
171,63,234
162,53,215
170,57,227
183,57,240
179,70,249
177,71,248
176,63,239
168,58,226
168,67,235
157,55,212
154,55,209
162,61,223
154,56,210
161,55,216
169,68,237
170,64,234
171,68,239
175,65,240
169,72,241
165,55,220
163,55,218
162,62,224
172,70,242
161,54,215
171,68,239
172,63,235
166,57,223
163,46,209
170,69,239
156,58,214
181,69,250
175,55,230
179,78,257
174,70,244
176,68,244
175,58,233
173,57,230
149,58,207
166,59,225
172,66,238
157,48,205
161,47,208
161,59,220
179,61,240
166,63,229
163,72,235
182,70,252
176,64,240
163,64,227
162,64,226
166,64,230
165,52,217
167,57,224
166,58,224
163,52,215
179,62,241
170,52,222
183,53,236
162,57,219
168,53,221
174,66,240
167,59,226
169,55,224
171,56,227
163,65,228
169,62,231
168,74,242
179,68,247
166,59,225
164,68,232
169,59,228
169,66,235
178,64,242
170,70,240
165,68,233
169,62,231
173,58,231
176,66,242
176,62,238
179,63,242
178,78,256
164,55,219
172,75,247
163,57,220
170,58,228
162,57,219
183,61,244
156,68,224
161,63,224
173,58,231
172,54,226
175,53,228
166,63,229
169,64,233
167,71,238
173,71,244
159,64,223
169,56,225
158,57,215
178,70,248
176,76,252
168,57,225
166,61,227
161,53,214
183,57,240
158,55,213
159,55,214
172,68,240
188,71,259
165,57,222
169,60,229
177,56,233
165,66,231
177,64,241
175,66,241
175,57,232
175,48,223
172,71,243
178,68,246
163,59,222
178,70,248
173,60,233
171,64,235
156,56,212
175,63,238
167,59,226
168,59,227
176,54,230
173,48,221
166,58,224
169,57,226
164,64,228
170,75,245
170,68,238
173,70,243
164,63,227
161,60,221
171,57,228
177,53,230
170,63,233
164,66,230
167,56,223
176,64,240
174,70,244
174,71,245
178,67,245
155,50,205
164,58,222
169,68,237
164,46,210
153,56,209
171,74,245
171,62,233
165,66,231
171,63,234
170,49,219
165,66,231
164,55,219
176,67,243
166,52,218
174,63,237
180,48,228
172,71,243
174,68,242
163,65,228
177,56,233
160,58,218
175,61,236
162,57,219
175,72,247
167,66,233
166,50,216
172,65,237
176,63,239
161,67,228
172,73,245
179,59,238
166,62,228
178,56,234
154,46,200
174,66,240
168,57,225
170,68,238
163,52,215
173,62,235
157,63,220
163,46,209
180,71,251
168,59,227
172,71,243
173,66,239
188,73,261
169,60,229
162,61,223
177,64,241
170,65,235
159,51,210
183,70,253
156,60,216
168,57,225
165,65,230
166,47,213
169,71,240
174,74,248
179,68,247
158,63,221
166,68,234
159,50,209
169,62,231
180,70,250
150,54,204
177,59,236
174,64,238
165,65,230
178,74,252
169,63,232
179,53,232
162,59,221
167,61,228
174,61,235
183,75,258
162,59,221
165,66,231
170,65,235
173,54,227
164,50,214
164,57,221
171,67,238
168,70,238
172,53,225
165,60,225
178,61,239
176,59,235
164,58,222
164,55,219
167,61,228
180,60,240
161,48,209
161,61,222
158,62,220
180,67,247
170,56,226
172,61,233
157,54,211
169,74,243
163,64,227
166,69,235
168,65,233
176,64,240
166,59,225
181,83,264
164,61,225
173,64,237
166,72,238
166,65,231
159,63,222
182,64,246
177,62,239
170,69,239
171,61,232
172,58,230
172,70,242
158,64,222
167,62,229
174,70,244
175,66,241
163,50,213
163,56,219
172,76,248
176,72,248
170,66,236
155,63,218
160,56,216
165,52,217
172,66,238
160,65,225
166,65,231
162,67,229
180,72,252
178,72,250
175,65,240
175,70,245
174,56,230
160,68,228
156,55,211
164,56,220
179,55,234
181,60,241
157,60,217
184,64,248
157,60,217
177,71,248
170,62,232
164,61,225
165,59,224
163,63,226
166,65,231
171,58,229
165,51,216
162,56,218
174,69,243
148,49,197
169,68,237
158,58,216
153,48,201
176,64,240
166,65,231
161,57,218
160,54,214
163,50,213
165,60,225
163,61,224
171,61,232
161,60,221
180,64,244
170,63,233
166,69,235
175,61,236
166,66,232
171,61,232
182,70,252
172,60,232
170,57,227
169,63,232
177,65,242
159,58,217
162,48,210
175,64,239
182,65,247
176,54,230
184,60,244
161,61,222
180,71,251
164,58,222
171,56,227
171,71,242
166,43,209
171,59,230
160,55,215
172,75,247
184,68,252
171,56,227
170,69,239
169,50,219
168,67,235
172,59,231
167,52,219
171,56,227
176,61,237
171,61,232
183,70,253
162,47,209
174,67,241
162,58,220
169,60,229
174,64,238
166,59,225
169,68,237
173,71,244
177,63,240
172,69,241
172,70,242
173,66,239
171,64,235
166,51,217
172,66,238
166,61,227
179,66,245
175,63,238
173,65,238
179,72,251
171,59,230
169,51,220
169,70,239
166,55,221
170,73,243
160,66,226
170,50,220
171,53,224
178,68,246
168,65,233
170,54,224
166,61,227
172,71,243
169,64,233
163,60,223
176,71,247
163,61,224
160,59,219
176,58,234
170,67,237
173,70,243
179,59,238
169,60,229
169,67,236
161,55,216
164,52,216
174,63,237
171,62,233
183,65,248
158,76,234
172,51,223
167,51,218
165,56,221
170,71,241
173,55,228
161,54,215
167,58,225
170,71,241
172,55,227
173,63,236
179,71,250
171,62,233
163,54,217
181,70,251
166,62,228
165,53,218
173,62,235
157,55,212
167,70,237
174,56,230
171,69,240
184,71,255
166,57,223
174,61,235
164,54,218
166,58,224
171,62,233
174,72,246
158,59,217
159,68,227
179,63,242
158,59,217
173,63,236
162,51,213
170,59,229
174,62,236
177,49,226
181,69,250
180,65,245
174,66,240
181,63,244
174,51,225
179,66,245
170,68,238
167,61,228
169,64,233
180,76,256
178,72,250
169,66,235
164,65,229
171,67,238
185,69,254
155,51,206
161,63,224
181,60,241
168,66,234
169,55,224
164,62,226
167,64,231
166,58,224
169,60,229
173,71,244
172,64,236
163,67,230
172,65,237
163,60,223
162,50,212
175,57,232
171,59,230
171,53,224
171,51,222
162,46,208
162,58,220
163,61,224
171,68,239
163,63,226
167,69,236
172,67,239
171,59,230
171,45,216
162,62,224
163,53,216
163,60,223
165,61,226
170,55,225
162,60,222
171,61,232
169,72,241
175,75,250
173,65,238
167,65,232
164,53,217
169,65,234
172,59,231
174,72,246
165,50,215
160,76,236
166,64,230
166,60,226
163,63,226
173,65,238
163,62,225
169,62,231
172,66,238
162,51,213
171,62,233
171,66,237
159,60,219
176,71,247
158,61,219
166,57,223
165,72,237
164,56,220
173,64,237
171,60,231
169,58,227
174,64,238
164,57,221
162,54,216
168,60,228
165,62,227
169,64,233
176,55,231
175,68,243
168,71,239
159,59,218
173,69,242
161,55,216
163,63,226
169,53,222
171,54,225
162,49,211
175,72,247
175,65,240
169,71,240
167,67,234
174,66,240
161,59,220
171,44,215
173,74,247
181,61,242
171,52,223
170,57,227
162,66,228
165,58,223
177,67,244
166,63,229
171,73,244
160,59,219
173,62,235
165,64,229
161,55,216
161,56,217
168,56,224
180,72,252
166,65,231
171,60,231
173,68,241
170,61,231
172,68,240
172,63,235
162,52,214
166,61,227
181,72,253
174,69,243
182,65,247
163,52,215
163,53,216
175,58,233
154,55,209
178,66,244
170,59,229
164,64,228
166,66,232
175,59,234
169,58,227
174,65,239
172,55,227
177,64,241
166,64,230
160,46,206
167,61,228
186,71,257
175,57,232
173,52,225
163,54,217
164,55,219
169,75,244
162,57,219
175,69,244
172,67,239
175,57,232
156,53,209
169,57,226
172,58,230
163,59,222
174,70,244
168,68,236
174,56,230
171,67,238
162,60,222
177,66,243
157,59,216
160,62,222
161,55,216
182,61,243
163,61,224
165,64,229
171,63,234
166,67,233
167,59,226
165,66,231
169,61,230
174,78,252
176,68,244
166,56,222
173,69,242
161,61,222
181,71,252
169,53,222
179,69,248
152,54,206
174,57,231
170,64,234
171,61,232
165,51,216
176,55,231
147,50,197
178,64,242
164,61,225
156,52,208
161,59,220
170,71,241
170,63,233
166,56,222
163,65,228
165,55,220
176,69,245
161,62,223
185,74,259
165,53,218
161,52,213
161,47,208
172,61,233
171,67,238
174,56,230
160,54,214
171,57,228
170,64,234
181,65,246
165,71,236
162,52,214
172,59,231
175,73,248
157,64,221
158,51,209
168,47,215
164,56,220
161,44,205
169,58,227
166,56,222
174,62,236
159,59,218
172,77,249
175,64,239
158,64,222
171,68,239
177,70,247
167,59,226
162,64,226
176,62,238
161,73,234
153,46,199
163,66,229
174,58,232
161,60,221
165,66,231
171,57,228
171,70,241
169,54,223
168,64,232
164,60,224
169,58,227
163,64,227
180,61,241
172,58,230
178,59,237
181,62,243
164,60,224
165,58,223
172,60,232
166,73,239
169,66,235
170,63,233
168,58,226
175,55,230
185,69,254
173,69,242
170,57,227
183,65,248
167,56,223
163,56,219
165,58,223
163,50,213
161,60,221
161,57,218
173,70,243
158,57,215
167,61,228
170,63,233
160,58,218
168,67,235
168,62,230
171,72,243
165,51,216
169,63,232
159,51,210
173,67,240
174,62,236
171,68,239
167,58,225
164,63,227
174,54,228
176,69,245
176,59,235
168,68,236
173,75,248
167,59,226
172,57,229
173,68,241
165,59,224
171,69,240
164,51,215
174,66,240
158,59,217
175,64,239
174,59,233
174,70,244
172,58,230
173,69,242
182,70,252
158,60,218
171,59,230
163,57,220
168,63,231
166,59,225
180,60,240
174,67,241
175,59,234
178,83,261
159,63,222
182,63,245
177,65,242
169,59,228
169,63,232
176,74,250
159,57,216
167,57,224
159,63,222
167,68,235
171,61,232
182,59,241
185,68,253
179,64,243
165,62,227
155,60,215
174,64,238
166,72,238
168,63,231
161,64,225
173,66,239
163,56,219
158,59,217
164,58,222
166,66,232
162,68,230
179,75,254
172,63,235
164,59,223
167,55,222
177,59,236
173,66,239
167,61,228
160,63,223
171,62,233
166,65,231
168,65,233
169,63,232
178,68,246
160,63,223
166,67,233
179,64,243
174,67,241
164,60,224
161,61,222
165,63,228
159,60,219
175,57,232
179,57,236
158,59,217
164,59,223
175,64,239
165,61,226
167,63,230
174,60,234
174,62,236
179,63,242
175,66,241
162,55,217
167,54,221
166,64,230
168,52,220
168,46,214
172,61,233
165,59,224
164,62,226
174,74,248
176,60,236
174,59,233
173,68,241
175,75,250
172,73,245
166,60,226
175,59,234
184,62,246
168,63,231
168,67,235
173,57,230
182,61,243
173,67,240
168,55,223
170,58,228
162,69,231
170,69,239
163,63,226
175,67,242
179,68,247
171,68,239
162,63,225
172,48,220
179,58,237
166,70,236
176,55,231
182,63,245
167,52,219
170,65,235
163,60,223
174,54,228
166,56,222
165,52,217
168,64,232
181,64,245
168,59,227
162,61,223
168,53,221
181,62,243
173,61,234
162,64,226
166,67,233
183,73,256
181,66,247
188,73,261
151,52,203
171,71,242
164,52,216
161,57,218
174,66,240
151,61,212
173,58,231
155,60,215
165,61,226
160,50,210
182,70,252
157,50,207
166,67,233
171,60,231
170,52,222
163,73,236
173,59,232
164,58,222
164,50,214
170,65,235
161,55,216
161,51,212
169,65,234
173,62,235
167,66,233
173,67,240
162,54,216
166,58,224
174,73,247
164,61,225
177,69,246
184,63,247
165,48,213
182,68,250
167,63,230
164,59,223
165,62,227
174,66,240
173,61,234
176,69,245
165,61,226
160,45,205
171,63,234
167,67,234
157,73,230
165,64,229
172,59,231
171,52,223
170,68,238
168,61,229
173,70,243
166,57,223
184,76,260
