total_adults_attending,total_kids_attending,total
172,67,239
167,71,238
161,69,230
160,71,231
166,71,237
164,79,243
162,81,243
161,71,232
163,70,233
174,72,246
164,74,238
160,62,222
169,70,239
173,78,251
168,71,239
169,67,236
180,69,249
166,67,233
171,69,240
162,67,229
174,67,241
165,60,225
171,71,242
169,73,242
161,70,231
170,79,249
166,67,233
162,69,231
178,66,244
165,72,237
169,72,241
159,64,223
167,71,238
173,66,239
166,73,239
161,70,231
173,72,245
171,69,240
168,71,239
168,79,247
171,67,238
162,71,233
170,73,243
165,69,234
168,68,236
166,72,238
170,71,241
171,73,244
164,63,227
170,71,241
164,67,231
173,69,242
161,75,236
163,66,229
163,75,238
174,80,254
172,73,245
164,72,236
167,66,233
170,66,236
160,77,237
169,70,239
173,70,243
152,70,222
163,71,234
171,65,236
157,71,228
159,76,235
159,70,229
162,69,231
175,66,241
169,69,238
172,60,232
163,66,229
167,67,234
169,78,247
177,72,249
161,66,227
164,63,227
179,76,255
177,68,245
169,69,238
163,77,240
171,67,238
176,72,248
170,62,232
164,69,233
166,70,236
172,65,237
169,72,241
173,78,251
168,72,240
161,62,223
162,78,240
167,67,234
172,74,246
169,61,230
168,72,240
172,71,243
177,71,248
168,67,235
177,73,250
161,71,232
173,69,242
170,72,242
164,75,239
176,67,243
176,75,251
165,73,238
158,65,223
160,76,236
166,68,234
165,70,235
167,72,239
164,58,222
170,73,243
167,71,238
165,67,232
176,77,253
173,71,244
161,67,228
168,71,239
170,72,242
161,57,218
175,66,241
163,72,235
167,67,234
168,66,234
165,75,240
169,62,231
178,68,246
168,68,236
173,73,246
174,68,242
168,64,232
172,67,239
170,80,250
173,78,251
166,71,237
173,68,241
172,65,237
168,79,247
161,60,221
169,77,246
168,68,236
164,67,231
172,64,236
163,69,232
169,68,237
170,71,241
176,68,244
173,82,255
168,70,238
162,69,231
165,72,237
168,70,238
165,72,237
170,67,237
168,81,249
176,68,244
161,68,229
163,67,230
161,72,233
171,68,239
171,72,243
160,61,221
168,70,238
175,72,247
169,76,245
168,64,232
174,69,243
160,69,229
166,74,240
161,70,231
171,74,245
165,76,241
170,76,246
175,76,251
164,70,234
166,77,243
162,63,225
164,72,236
176,74,250
174,73,247
180,76,256
170,60,230
177,78,255
160,62,222
165,75,240
173,72,245
164,71,235
169,73,242
168,72,240
170,69,239
170,69,239
167,73,240
172,68,240
168,84,252
167,75,242
171,77,248
161,67,228
175,66,241
164,70,234
162,69,231
167,68,235
169,81,250
166,71,237
168,67,235
171,78,249
161,69,230
164,78,242
171,72,243
177,71,248
166,70,236
167,77,244
162,71,233
163,69,232
167,74,241
175,71,246
165,71,236
175,81,256
169,66,235
173,79,252
174,72,246
168,73,241
166,77,243
173,72,245
174,69,243
174,70,244
168,77,245
176,65,241
164,73,237
171,74,245
167,74,241
159,76,235
167,73,240
169,66,235
173,70,243
171,77,248
157,67,224
165,67,232
156,66,222
169,68,237
158,72,230
171,67,238
166,67,233
169,79,248
152,65,217
179,74,253
168,65,233
182,68,250
171,67,238
161,61,222
168,68,236
166,72,238
161,72,233
179,75,254
169,72,241
168,75,243
159,65,224
169,72,241
169,72,241
161,64,225
172,73,245
171,74,245
170,74,244
165,74,239
169,80,249
175,71,246
165,62,227
170,67,237
167,76,243
172,73,245
165,70,235
173,71,244
165,75,240
179,72,251
162,64,226
167,70,237
167,68,235
165,71,236
162,62,224
172,74,246
172,70,242
167,71,238
167,73,240
163,71,234
174,73,247
166,67,233
172,73,245
165,65,230
169,72,241
167,78,245
176,83,259
168,74,242
169,71,240
167,74,241
166,66,232
183,76,259
167,70,237
166,68,234
167,75,242
166,68,234
163,62,225
164,69,233
164,66,230
169,78,247
163,66,229
161,67,228
160,62,222
171,79,250
171,76,247
174,72,246
164,70,234
174,65,239
164,65,229
170,78,248
174,61,235
165,73,238
168,72,240
166,69,235
167,72,239
164,74,238
166,75,241
169,69,238
163,72,235
169,62,231
165,76,241
167,71,238
166,77,243
171,66,237
177,81,258
163,56,219
166,79,245
168,75,243
167,68,235
172,66,238
178,74,252
161,63,224
170,73,243
161,71,232
160,61,221
166,63,229
170,65,235
166,65,231
174,74,248
171,70,241
168,73,241
166,74,240
165,70,235
153,65,218
168,64,232
175,73,248
161,71,232
169,75,244
172,74,246
171,77,248
167,62,229
155,61,216
158,70,228
169,77,246
154,70,224
165,70,235
153,62,215
157,73,230
173,80,253
165,71,236
163,63,226
174,66,240
156,71,227
178,73,251
172,73,245
174,68,242
173,71,244
162,65,227
161,70,231
168,71,239
161,71,232
171,83,254
173,79,252
173,68,241
171,73,244
161,72,233
167,65,232
167,68,235
163,69,232
175,62,237
168,70,238
164,65,229
167,68,235
167,71,238
172,66,238
157,62,219
178,74,252
161,74,235
164,69,233
168,63,231
171,72,243
172,69,241
169,67,236
177,69,246
168,74,242
174,72,246
179,79,258
160,68,228
164,68,232
160,73,233
171,62,233
171,81,252
166,76,242
166,65,231
175,70,245
161,66,227
164,71,235
164,63,227
166,68,234
165,70,235
171,77,248
168,72,240
180,69,249
162,78,240
164,80,244
165,72,237
164,62,226
160,64,224
168,64,232
171,69,240
167,77,244
163,73,236
171,74,245
174,71,245
165,87,252
168,77,245
170,73,243
168,77,245
165,76,241
170,69,239
159,64,223
165,63,228
170,67,237
163,70,233
163,68,231
171,74,245
163,71,234
180,74,254
172,73,245
169,70,239
161,71,232
167,67,234
171,72,243
179,74,253
162,76,238
172,69,241
174,78,252
171,74,245
173,83,256
167,75,242
168,71,239
154,66,220
171,70,241
176,74,250
169,69,238
179,72,251
175,69,244
171,72,243
164,69,233
171,67,238
181,69,250
164,73,237
169,74,243
171,70,241
171,73,244
169,65,234
163,67,230
159,64,223
166,73,239
174,67,241
169,77,246
163,69,232
170,77,247
179,69,248
166,76,242
164,64,228
158,64,222
165,70,235
160,70,230
159,69,228
167,71,238
161,69,230
173,85,258
165,80,245
174,66,240
167,63,230
167,68,235
177,67,244
174,80,254
176,81,257
168,68,236
171,72,243
162,77,239
164,74,238
170,74,244
167,74,241
175,80,255
162,66,228
165,72,237
158,67,225
173,76,249
164,63,227
175,73,248
167,66,233
162,76,238
163,67,230
161,60,221
165,69,234
165,64,229
179,72,251
156,64,220
169,70,239
169,74,243
167,69,236
175,66,241
175,71,246
160,71,231
171,82,253
178,76,254
162,65,227
172,69,241
170,73,243
162,71,233
170,67,237
172,68,240
169,69,238
170,67,237
159,78,237
162,67,229
171,73,244
163,72,235
169,64,233
171,66,237
173,76,249
173,67,240
181,69,250
165,72,237
162,73,235
164,67,231
165,73,238
167,73,240
160,65,225
165,76,241
175,74,249
156,69,225
171,77,248
162,67,229
175,75,250
173,67,240
162,70,232
169,66,235
161,65,226
174,69,243
160,70,230
157,68,225
166,72,238
166,77,243
175,78,253
169,78,247
170,68,238
168,68,236
163,68,231
170,76,246
158,69,227
169,71,240
170,69,239
171,66,237
157,65,222
165,67,232
168,72,240
169,75,244
169,70,239
170,67,237
179,66,245
160,57,217
174,77,251
170,68,238
168,75,243
166,67,233
163,76,239
169,68,237
163,71,234
168,75,243
163,70,233
158,71,229
168,65,233
165,77,242
170,72,242
166,74,240
175,80,255
167,74,241
165,67,232
164,74,238
167,76,243
157,60,217
174,71,245
169,70,239
168,75,243
159,67,226
165,66,231
166,73,239
165,77,242
166,62,228
172,69,241
175,81,256
168,73,241
171,69,240
163,59,222
169,68,237
183,68,251
170,73,243
173,72,245
170,74,244
167,69,236
169,61,230
160,72,232
166,72,238
169,76,245
161,69,230
165,72,237
166,66,232
166,67,233
168,65,233
163,66,229
168,64,232
173,70,243
167,67,234
178,71,249
168,70,238
179,71,250
172,77,249
167,71,238
175,84,259
161,69,230
168,69,237
172,66,238
170,69,239
163,69,232
177,76,253
171,68,239
167,70,237
161,81,242
171,79,250
174,70,244
166,65,231
167,66,233
179,76,255
162,68,230
153,73,226
175,81,256
169,75,244
171,72,243
170,66,236
174,72,246
170,69,239
169,73,242
172,74,246
177,75,252
162,65,227
158,68,226
172,73,245
168,68,236
166,83,249
171,77,248
170,74,244
172,74,246
162,69,231
162,66,228
170,71,241
168,70,238
167,70,237
172,78,250
170,62,232
169,67,236
165,77,242
164,67,231
176,82,258
170,70,240
169,70,239
173,73,246
171,75,246
171,76,247
173,67,240
165,73,238
169,73,242
173,76,249
151,70,221
169,77,246
173,72,245
169,69,238
165,68,233
163,74,237
162,69,231
170,66,236
157,66,223
162,69,231
168,67,235
160,69,229
165,78,243
174,62,236
165,72,237
163,73,236
163,67,230
167,71,238
160,65,225
162,67,229
172,79,251
166,74,240
165,75,240
164,65,229
175,70,245
170,74,244
173,68,241
158,71,229
168,64,232
166,75,241
162,74,236
161,63,224
164,69,233
170,73,243
165,64,229
168,71,239
168,73,241
174,70,244
175,71,246
171,68,239
170,72,242
168,73,241
167,72,239
174,78,252
165,65,230
161,68,229
166,74,240
173,78,251
167,74,241
168,77,245
168,65,233
170,78,248
167,79,246
163,83,246
164,66,230
173,75,248
160,67,227
184,86,270
171,69,240
164,71,235
170,72,242
162,74,236
165,66,231
170,69,239
164,68,232
170,64,234
170,74,244
170,79,249
170,66,236
159,79,238
171,63,234
172,72,244
165,67,232
172,74,246
166,62,228
162,71,233
174,68,242
164,74,238
162,76,238
173,73,246
164,69,233
170,64,234
174,81,255
160,78,238
165,69,234
168,71,239
175,74,249
169,77,246
176,71,247
168,72,240
175,72,247
164,74,238
168,66,234
165,70,235
168,68,236
171,77,248
163,75,238
172,78,250
171,68,239
165,70,235
165,68,233
170,70,240
170,70,240
167,65,232
161,75,236
169,68,237
167,72,239
174,71,245
172,65,237
165,73,238
169,64,233
170,77,247
177,72,249
161,72,233
177,76,253
168,73,241
167,76,243
173,73,246
166,73,239
173,72,245
175,72,247
162,59,221
162,68,230
161,70,231
171,70,241
166,72,238
162,66,228
165,63,228
166,76,242
168,67,235
166,71,237
175,73,248
181,81,262
162,72,234
166,69,235
163,67,230
169,78,247
173,74,247
162,74,236
168,71,239
175,74,249
173,69,242
165,70,235
173,69,242
178,76,254
171,79,250
163,58,221
173,78,251
173,75,248
170,72,242
169,71,240
166,74,240
170,71,241
161,74,235
165,69,234
165,64,229
177,70,247
177,83,260
181,85,266
164,68,232
168,75,243
164,62,226
162,62,224
164,66,230
164,69,233
168,68,236
168,67,235
169,80,249
170,74,244
169,75,244
165,75,240
172,72,244
170,73,243
160,64,224
168,71,239
177,68,245
165,66,231
165,66,231
160,68,228
169,63,232
173,72,245
165,82,247
165,71,236
171,76,247
170,74,244
160,63,223
170,70,240
167,69,236
171,75,246
171,69,240
171,72,243
170,81,251
169,74,243
167,75,242
172,65,237
176,71,247
170,71,241
166,77,243
161,70,231
163,81,244
169,68,237
168,76,244
164,74,238
167,71,238
177,71,248
167,64,231
172,79,251
166,72,238
166,76,242
162,66,228
160,62,222
178,68,246
172,64,236
170,71,241
168,71,239
168,73,241
166,72,238
169,74,243
162,59,221
168,67,235
175,69,244
168,68,236
167,72,239
171,66,237
175,74,249
176,70,246
163,66,229
164,74,238
172,65,237
168,67,235
169,70,239
166,70,236
164,70,234
171,72,243
160,67,227
172,74,246
155,65,220
171,70,241
170,64,234
162,69,231
162,70,232
162,69,231
169,77,246
164,69,233
159,65,224
170,73,243
162,63,225
166,66,232
173,73,246
164,68,232
158,71,229
169,63,232
168,77,245
171,75,246
156,65,221
161,67,228
169,76,245
172,68,240
169,69,238
169,65,234
175,67,242
157,66,223
167,65,232
164,82,246
177,77,254
165,74,239
167,79,246
175,79,254
174,73,247
171,73,244
165,60,225
173,71,244
169,72,241
162,74,236
169,70,239
162,68,230
172,79,251
175,71,246
168,73,241
160,68,228
168,79,247
164,63,227
169,70,239
168,64,232
160,70,230
166,68,234
175,82,257
167,73,240
157,70,227
171,78,249
167,76,243
163,78,241
167,59,226
176,79,255
181,74,255
166,64,230
162,63,225
174,62,236
167,69,236
162,71,233
169,70,239
175,71,246
166,74,240
172,76,248
168,66,234
175,65,240
176,68,244
166,62,228
180,76,256
169,76,245
168,71,239
178,66,244
170,71,241
168,73,241
166,57,223
168,65,233
172,70,242
174,69,243
174,76,250
164,73,237
171,83,254
169,74,243
175,73,248
178,68,246
167,66,233
161,68,229
170,68,238
165,66,231
167,69,236
165,72,237
162,67,229
164,77,241
174,69,243
176,80,256
163,73,236
184,65,249
163,66,229
165,71,236
173,67,240
181,70,251
165,69,234
161,62,223
173,69,242
162,77,239
172,77,249
172,72,244
171,70,241
164,71,235
170,62,232
164,62,226
174,72,246
179,75,254
164,62,226
172,67,239
162,77,239
169,80,249
172,74,246
174,72,246
181,79,260
179,74,253
168,71,239
167,64,231
162,75,237
171,71,242
169,71,240
164,69,233
166,64,230
159,73,232
165,76,241
166,67,233
168,73,241
169,70,239
164,65,229
164,69,233
171,70,241
162,70,232
173,73,246
167,73,240
163,67,230
175,73,248
167,70,237
161,59,220
174,68,242
174,84,258
177,66,243
164,71,235
169,73,242
171,71,242
172,65,237
158,68,226
173,64,237
173,72,245
169,64,233
172,64,236
176,74,250
172,68,240
164,70,234
171,68,239
172,70,242
168,79,247
166,72,238
165,59,224
169,75,244
178,68,246
165,65,230
162,70,232
165,66,231
162,73,235
174,76,250
170,70,240
163,66,229
169,77,246
164,70,234
173,74,247
167,75,242
155,67,222
171,69,240
173,73,246
171,68,239
163,60,223
172,73,245
173,69,242
175,77,252
157,77,234
173,77,250
161,68,229
167,73,240
172,72,244
170,77,247
170,68,238
171,66,237
166,73,239
160,69,229
171,72,243
162,84,246
170,67,237
165,62,227
171,69,240
159,68,227
174,75,249
169,74,243
168,71,239
172,74,246
176,74,250
159,71,230
172,72,244
166,64,230
171,80,251
168,65,233
163,74,237
169,77,246
175,76,251
160,72,232
166,79,245
173,68,241
169,71,240
170,74,244
168,70,238
169,73,242
172,77,249
164,62,226
165,72,237
164,67,231
170,70,240
165,76,241
174,69,243
165,76,241
172,60,232
162,72,234
171,65,236
163,65,228
161,69,230
169,78,247
166,71,237
168,75,243
166,68,234
169,69,238
167,72,239
172,83,255
169,80,249
165,74,239
165,73,238
172,60,232
166,59,225
168,76,244
166,69,235
174,72,246
170,64,234
169,72,241
159,65,224
169,76,245
170,74,244
167,71,238
167,69,236
171,74,245
168,68,236
155,66,221
169,69,238
173,67,240
166,73,239
174,69,243
166,61,227
166,73,239
163,73,236
171,76,247
167,65,232
162,69,231
170,73,243
165,70,235
166,69,235
177,80,257
174,64,238
169,73,242
172,70,242
167,67,234
159,70,229
174,72,246
169,75,244
161,72,233
168,63,231
160,67,227
163,79,242
164,73,237
164,63,227
172,71,243
171,69,240
164,68,232
170,71,241
174,82,256
164,72,236
158,62,220
165,73,238
168,69,237
156,64,220
174,73,247
165,55,220
171,74,245
175,77,252
169,65,234
167,72,239
174,74,248
167,70,237
170,73,243
165,62,227
171,70,241
170,76,246
168,69,237
174,78,252
173,76,249
162,70,232
169,66,235
165,70,235
173,72,245
161,77,238
160,60,220
158,64,222
165,80,245
165,75,240
165,71,236
172,74,246
160,73,233
156,52,208
163,67,230
165,67,232
159,74,233
173,66,239
177,69,246
167,73,240
174,75,249
172,69,241
164,64,228
171,66,237
166,69,235
166,69,235
164,66,230
163,70,233
166,75,241
170,70,240
172,64,236
166,68,234
167,75,242
178,74,252
171,72,243
168,69,237
163,69,232
171,66,237
160,67,227
173,81,254
165,60,225
164,64,228
167,70,237
169,75,244
161,72,233
160,59,219
163,64,227
169,71,240
170,69,239
168,65,233
174,74,248
175,79,254
162,72,234
168,69,237
168,69,237
166,70,236
163,66,229
157,77,234
174,72,246
174,78,252
173,71,244
169,75,244
167,70,237
173,76,249
166,74,240
172,70,242
168,76,244
162,73,235
163,64,227
169,78,247
166,75,241
169,72,241
165,69,234
170,70,240
161,69,230
167,72,239
165,75,240
163,71,234
166,66,232
161,68,229
174,72,246
175,71,246
176,66,242
167,73,240
162,65,227
171,77,248
166,74,240
163,62,225
166,66,232
167,66,233
170,76,246
163,64,227
171,69,240
163,67,230
161,74,235
182,73,255
159,67,226
169,62,231
164,65,229
164,70,234
164,65,229
171,74,245
170,70,240
169,71,240
166,71,237
169,75,244
159,76,235
162,63,225
162,78,240
182,80,262
175,74,249
161,74,235
173,70,243
162,67,229
163,71,234
167,73,240
161,69,230
170,75,245
170,72,242
167,66,233
174,77,251
170,60,230
160,74,234
170,67,237
162,75,237
170,70,240
159,68,227
164,75,239
165,73,238
164,79,243
170,68,238
164,75,239
168,69,237
170,71,241
178,67,245
170,71,241
168,65,233
161,63,224
170,68,238
173,65,238
174,67,241
159,66,225
173,79,252
162,69,231
174,76,250
165,68,233
165,71,236
170,70,240
175,66,241
175,73,248
164,75,239
171,75,246
161,68,229
167,68,235
166,67,233
164,74,238
171,68,239
171,69,240
166,71,237
171,71,242
168,64,232
175,77,252
171,78,249
155,62,217
176,73,249
164,68,232
161,75,236
159,77,236
173,67,240
164,62,226
169,72,241
169,75,244
169,76,245
168,66,234
173,72,245
171,68,239
171,82,253
162,74,236
162,63,225
163,75,238
167,79,246
168,62,230
158,72,230
165,67,232
155,63,218
171,77,248
179,81,260
174,73,247
168,78,246
168,78,246
167,75,242
163,74,237
168,67,235
169,80,249
174,70,244
171,70,241
159,63,222
163,77,240
180,70,250
181,69,250
171,66,237
165,71,236
165,74,239
165,62,227
170,78,248
166,69,235
170,72,242
167,73,240
162,68,230
155,63,218
170,71,241
168,73,241
168,81,249
167,66,233
169,67,236
167,62,229
159,72,231
170,67,237
170,74,244
177,71,248
170,71,241
175,71,246
174,67,241
173,65,238
167,73,240
180,73,253
167,69,236
167,74,241
161,71,232
167,72,239
169,75,244
168,66,234
163,66,229
170,69,239
168,73,241
162,74,236
162,72,234
175,73,248
167,68,235
172,74,246
169,71,240
170,65,235
168,73,241
176,74,250
177,66,243
162,68,230
166,73,239
170,78,248
160,61,221
166,75,241
165,73,238
171,76,247
170,69,239
168,70,238
170,75,245
167,68,235
170,70,240
164,77,241
175,82,257
175,68,243
167,72,239
162,62,224
172,78,250
171,71,242
169,71,240
181,79,260
166,69,235
169,70,239
167,68,235
161,69,230
168,71,239
178,72,250
167,74,241
175,76,251
179,58,237
171,76,247
163,63,226
166,64,230
173,71,244
167,64,231
165,65,230
169,79,248
167,68,235
164,72,236
173,76,249
166,73,239
162,72,234
171,72,243
172,70,242
168,71,239
164,71,235
168,71,239
166,73,239
160,73,233
160,70,230
165,72,237
161,62,223
168,69,237
156,76,232
166,71,237
159,69,228
164,66,230
165,65,230
175,72,247
170,68,238
162,64,226
169,75,244
171,73,244
163,68,231
169,72,241
164,69,233
164,75,239
168,77,245
168,71,239
167,67,234
166,65,231
183,84,267
179,78,257
174,73,247
163,69,232
164,80,244
172,75,247
170,73,243
156,71,227
168,64,232
165,73,238
164,67,231
169,71,240
164,83,247
171,75,246
169,69,238
168,64,232
158,69,227
161,72,233
163,70,233
169,72,241
168,71,239
182,70,252
165,70,235
164,68,232
170,81,251
162,71,233
163,67,230
166,70,236
167,75,242
166,65,231
163,74,237
175,78,253
167,70,237
166,60,226
174,83,257
173,74,247
172,82,254
170,67,237
166,73,239
162,60,222
171,76,247
172,71,243
172,70,242
164,66,230
171,67,238
168,70,238
172,72,244
171,70,241
166,65,231
181,87,268
173,68,241
166,69,235
175,76,251
178,72,250
169,66,235
163,70,233
164,62,226
157,71,228
162,73,235
166,75,241
164,72,236
160,74,234
174,81,255
161,70,231
169,73,242
163,59,222
169,64,233
166,68,234
166,64,230
174,79,253
168,77,245
172,71,243
168,65,233
167,77,244
173,73,246
165,79,244
168,75,243
172,71,243
177,83,260
166,70,236
169,67,236
158,61,219
170,65,235
169,68,237
160,66,226
178,71,249
165,70,235
172,81,253
168,77,245
169,75,244
175,76,251
169,67,236
165,72,237
170,72,242
170,71,241
167,63,230
167,67,234
160,69,229
167,74,241
175,86,261
162,70,232
171,82,253
167,71,238
161,66,227
172,78,250
160,78,238
165,69,234
172,80,252
173,73,246
172,67,239
168,73,241
156,63,219
170,70,240
160,61,221
174,67,241
175,85,260
170,76,246
166,65,231
176,68,244
180,79,259
161,66,227
170,71,241
165,71,236
170,73,243
172,73,245
166,71,237
171,73,244
171,69,240
169,73,242
160,67,227
168,73,241
171,70,241
167,69,236
169,73,242
159,71,230
167,68,235
155,64,219
173,67,240
165,73,238
166,79,245
168,73,241
160,78,238
178,72,250
166,73,239
176,79,255
165,70,235
164,70,234
171,81,252
165,78,243
169,69,238
177,65,242
162,66,228
167,70,237
157,65,222
168,71,239
167,70,237
180,72,252
169,70,239
167,73,240
173,74,247
171,70,241
172,67,239
168,67,235
171,74,245
160,71,231
166,68,234
161,79,240
165,70,235
167,75,242
173,71,244
163,74,237
168,75,243
173,67,240
158,58,216
165,60,225
168,69,237
161,65,226
160,74,234
166,68,234
173,79,252
174,68,242
174,72,246
162,67,229
175,73,248
173,70,243
164,61,225
169,71,240
165,70,235
165,67,232
165,77,242
165,70,235
166,74,240
164,72,236
176,75,251
157,71,228
162,75,237
165,70,235
177,78,255
167,71,238
169,74,243
174,70,244
170,72,242
168,67,235
172,72,244
161,73,234
169,62,231
169,70,239
169,68,237
172,68,240
171,72,243
161,81,242
165,58,223
165,72,237
176,70,246
176,71,247
162,76,238
174,71,245
170,76,246
166,70,236
175,71,246
161,63,224
173,68,241
167,75,242
171,68,239
161,78,239
164,71,235
159,68,227
168,67,235
169,83,252
163,78,241
159,71,230
161,61,222
163,71,234
166,71,237
163,61,224
164,70,234
162,55,217
158,68,226
170,64,234
163,72,235
170,75,245
174,76,250
172,76,248
168,72,240
176,74,250
167,63,230
166,71,237
172,70,242
170,69,239
170,73,243
166,76,242
170,71,241
159,64,223
168,68,236
180,72,252
175,77,252
170,65,235
172,74,246
163,73,236
167,71,238
164,75,239
171,68,239
168,72,240
167,70,237
168,67,235
176,68,244
161,69,230
170,74,244
175,76,251
166,66,232
165,68,233
160,72,232
165,72,237
166,77,243
175,67,242
164,66,230
169,73,242
162,69,231
166,77,243
161,64,225
184,70,254
160,69,229
176,73,249
173,60,233
171,70,241
171,74,245
164,69,233
169,76,245
162,70,232
161,71,232
161,65,226
164,74,238
168,71,239
175,77,252
167,78,245
160,69,229
162,69,231
173,62,235
160,68,228
170,68,238
164,68,232
167,69,236
173,77,250
165,78,243
170,68,238
168,74,242
168,74,242
170,75,245
162,73,235
175,78,253
168,74,242
165,73,238
168,79,247
167,61,228
164,61,225
158,64,222
176,74,250
164,71,235
178,70,248
163,68,231
169,69,238
167,66,233
163,66,229
164,63,227
170,70,240
166,78,244
168,70,238
160,69,229
167,73,240
168,71,239
167,72,239
160,70,230
161,66,227
170,77,247
164,70,234
163,67,230
180,69,249
166,70,236
169,64,233
172,79,251
171,77,248
170,66,236
171,76,247
171,73,244
170,72,242
168,74,242
164,67,231
169,72,241
164,70,234
166,72,238
166,72,238
166,64,230
170,71,241
171,78,249
170,79,249
170,67,237
161,75,236
169,80,249
166,71,237
164,68,232
164,72,236
169,71,240
168,70,238
172,73,245
178,70,248
170,74,244
167,68,235
180,70,250
167,74,241
170,65,235
173,81,254
174,70,244
173,82,255
157,77,234
169,70,239
166,66,232
172,68,240
164,76,240
174,69,243
166,70,236
178,74,252
166,71,237
167,65,232
167,65,232
165,74,239
179,67,246
171,77,248
171,75,246
173,69,242
166,72,238
170,80,250
168,68,236
166,72,238
171,68,239
171,77,248
176,74,250
168,72,240
170,73,243
162,66,228
177,76,253
173,73,246
167,72,239
169,67,236
169,67,236
177,69,246
160,68,228
171,64,235
173,74,247
166,67,233
164,71,235
168,67,235
170,74,244
171,66,237
166,73,239
167,71,238
169,71,240
174,68,242
163,74,237
162,75,237
170,64,234
149,62,211
170,80,250
166,72,238
164,62,226
174,78,252
176,78,254
169,72,241
169,68,237
160,82,242
172,66,238
168,68,236
166,66,232
169,59,228
164,75,239
166,74,240
169,74,243
158,72,230
174,77,251
166,72,238
169,74,243
162,73,235
165,72,237
167,75,242
170,71,241
161,73,234
168,72,240
167,68,235
168,66,234
171,65,236
177,73,250
169,68,237
173,77,250
171,58,229
169,74,243
163,63,226
167,59,226
171,75,246
163,72,235
170,70,240
167,67,234
174,74,248
170,66,236
177,79,256
167,73,240
174,74,248
163,72,235
163,69,232
169,64,233
161,70,231
174,65,239
175,77,252
168,72,240
168,67,235
169,76,245
165,67,232
168,66,234
167,72,239
172,72,244
169,75,244
170,83,253
167,64,231
172,79,251
175,70,245
181,75,256
172,65,237
168,69,237
173,72,245
161,72,233
169,67,236
158,64,222
164,71,235
169,74,243
166,71,237
165,75,240
171,77,248
151,64,215
163,64,227
171,71,242
165,69,234
170,71,241
160,71,231
166,74,240
158,66,224
178,74,252
173,72,245
160,78,238
168,71,239
169,70,239
169,69,238
167,74,241
164,75,239
174,64,238
172,72,244
174,67,241
175,68,243
161,69,230
170,74,244
165,66,231
181,76,257
173,65,238
166,78,244
168,71,239
165,69,234
159,64,223
159,71,230
171,69,240
159,65,224
166,69,235
169,76,245
160,61,221
172,74,246
175,64,239
172,72,244
170,75,245
172,75,247
175,70,245
175,63,238
169,61,230
167,66,233
163,67,230
167,76,243
167,68,235
164,69,233
168,78,246
170,74,244
178,75,253
167,71,238
168,77,245
161,72,233
167,68,235
166,81,247
160,63,223
173,66,239
167,77,244
161,68,229
174,73,247
170,78,248
155,66,221
172,69,241
167,83,250
164,66,230
168,76,244
168,68,236
167,65,232
170,71,241
167,73,240
168,62,230
170,78,248
176,73,249
164,68,232
171,70,241
161,65,226
162,66,228
174,79,253
175,80,255
166,75,241
167,74,241
170,76,246
175,68,243
165,70,235
177,75,252
178,67,245
165,67,232
163,75,238
165,70,235
170,75,245
171,69,240
171,73,244
165,71,236
166,69,235
174,67,241
176,72,248
172,66,238
167,67,234
165,72,237
165,74,239
165,70,235
161,76,237
167,73,240
164,74,238
169,77,246
163,67,230
170,71,241
161,66,227
176,73,249
178,75,253
173,69,242
170,62,232
166,59,225
175,72,247
166,70,236
173,72,245
170,72,242
168,76,244
170,72,242
165,74,239
167,75,242
169,69,238
171,77,248
174,61,235
168,70,238
165,77,242
173,74,247
166,70,236
170,77,247
177,74,251
172,74,246
165,72,237
170,67,237
166,72,238
169,68,237
168,70,238
162,73,235
170,76,246
181,73,254
170,70,240
174,75,249
165,74,239
171,66,237
168,70,238
163,77,240
173,71,244
167,67,234
164,76,240
166,60,226
160,65,225
170,70,240
162,73,235
164,72,236
164,63,227
167,74,241
169,77,246
166,78,244
165,63,228
167,75,242
161,73,234
176,73,249
166,67,233
159,71,230
174,76,250
170,73,243
167,69,236
159,65,224
168,71,239
170,78,248
169,75,244
170,77,247
165,63,228
166,73,239
182,83,265
178,73,251
172,78,250
161,78,239
177,66,243
158,71,229
174,72,246
170,67,237
165,68,233
164,68,232
170,78,248
167,74,241
182,72,254
170,71,241
171,75,246
166,76,242
169,75,244
169,65,234
167,77,244
174,77,251
162,68,230
167,67,234
182,71,253
171,64,235
162,68,230
174,76,250
165,69,234
168,80,248
168,70,238
169,69,238
169,66,235
161,67,228
170,67,237
170,84,254
164,73,237
173,71,244
168,69,237
167,63,230
157,64,221
152,63,215
164,66,230
164,64,228
161,72,233
168,66,234
164,71,235
166,68,234
172,70,242
172,70,242
164,68,232
184,71,255
163,70,233
171,77,248
175,69,244
170,68,238
179,71,250
170,73,243
170,81,251
170,78,248
164,75,239
169,67,236
177,78,255
169,70,239
163,65,228
168,71,239
172,69,241
175,87,262
165,67,232
162,69,231
160,69,229
161,66,227
175,72,247
161,70,231
159,58,217
158,75,233
169,63,232
165,71,236
165,71,236
171,71,242
173,75,248
160,71,231
174,77,251
171,70,241
161,75,236
172,65,237
178,74,252
165,73,238
160,65,225
168,70,238
165,69,234
174,72,246
171,77,248
177,69,246
169,67,236
175,71,246
157,70,227
163,74,237
163,66,229
179,79,258
175,77,252
166,73,239
165,71,236
174,74,248
176,77,253
165,74,239
179,66,245
165,62,227
176,76,252
165,66,231
171,74,245
166,67,233
168,73,241
174,66,240
170,76,246
164,69,233
178,81,259
180,85,265
169,76,245
169,66,235
163,63,226
163,77,240
166,68,234
174,75,249
174,70,244
172,68,240
167,72,239
160,74,234
168,68,236
168,75,243
163,72,235
168,68,236
172,79,251
159,69,228
167,69,236
166,76,242
171,68,239
167,64,231
164,74,238
175,77,252
168,68,236
156,62,218
161,72,233
170,65,235
170,77,247
174,71,245
162,73,235
160,68,228
171,71,242
175,76,251
171,77,248
174,64,238
162,73,235
166,74,240
171,77,248
171,76,247
166,73,239
173,70,243
167,77,244
156,65,221
165,67,232
166,59,225
172,67,239
176,71,247
172,73,245
164,69,233
165,73,238
172,69,241
166,73,239
169,77,246
172,72,244
169,72,241
168,69,237
172,82,254
172,65,237
172,69,241
164,70,234
176,70,246
165,80,245
162,69,231
155,64,219
171,71,242
168,64,232
170,70,240
170,76,246
163,70,233
160,62,222
169,75,244
170,77,247
164,69,233
167,73,240
169,76,245
154,71,225
166,71,237
178,65,243
161,71,232
173,75,248
173,66,239
168,70,238
175,66,241
169,71,240
168,63,231
172,76,248
166,69,235
166,71,237
172,75,247
174,73,247
174,73,247
173,66,239
167,67,234
170,75,245
165,70,235
170,70,240
171,74,245
169,74,243
179,71,250
162,74,236
171,71,242
168,66,234
170,78,248
177,75,252
165,72,237
173,77,250
166,83,249
174,68,242
164,71,235
161,70,231
165,73,238
163,77,240
166,68,234
156,66,222
165,76,241
165,64,229
163,64,227
166,72,238
175,76,251
172,72,244
173,71,244
166,74,240
169,68,237
173,70,243
171,63,234
169,74,243
169,66,235
173,82,255
170,64,234
165,75,240
169,66,235
165,74,239
168,74,242
169,68,237
160,80,240
165,70,235
174,80,254
157,70,227
170,65,235
172,70,242
174,81,255
164,69,233
171,68,239
167,75,242
158,73,231
160,70,230
159,65,224
167,77,244
168,76,244
169,73,242
166,73,239
164,71,235
173,72,245
169,70,239
165,70,235
174,73,247
172,79,251
167,69,236
171,69,240
174,84,258
166,72,238
167,70,237
159,65,224
171,72,243
170,69,239
168,64,232
160,74,234
169,69,238
166,80,246
168,77,245
174,73,247
159,72,231
162,66,228
170,71,241
164,66,230
172,72,244
172,63,235
173,68,241
166,75,241
167,79,246
166,70,236
167,69,236
165,72,237
166,74,240
173,66,239
166,73,239
163,71,234
168,70,238
154,67,221
160,65,225
171,73,244
169,75,244
168,66,234
176,81,257
164,67,231
166,68,234
169,72,241
163,86,249
166,70,236
162,69,231
168,67,235
156,64,220
166,70,236
168,74,242
165,71,236
170,76,246
170,70,240
165,67,232
174,73,247
163,69,232
181,76,257
160,72,232
163,68,231
173,67,240
177,75,252
168,67,235
163,66,229
170,68,238
176,77,253
163,70,233
162,80,242
164,74,238
168,77,245
168,69,237
163,69,232
169,68,237
166,80,246
164,68,232
164,71,235
171,71,242
160,74,234
164,65,229
169,73,242
163,73,236
165,67,232
167,75,242
165,70,235
164,68,232
166,62,228
163,70,233
174,69,243
163,74,237
173,72,245
162,76,238
168,74,242
164,75,239
167,69,236
159,70,229
166,69,235
174,78,252
170,73,243
170,65,235
171,75,246
173,72,245
178,67,245
167,76,243
162,65,227
176,79,255
175,65,240
167,70,237
168,70,238
161,62,223
163,68,231
166,60,226
160,72,232
166,66,232
166,72,238
172,68,240
169,64,233
163,64,227
169,72,241
169,74,243
169,67,236
167,74,241
169,67,236
163,65,228
168,63,231
168,72,240
165,70,235
168,60,228
168,70,238
160,72,232
165,71,236
169,67,236
173,76,249
164,76,240
174,77,251
170,71,241
160,71,231
169,74,243
165,76,241
173,65,238
170,64,234
170,75,245
171,71,242
170,72,242
169,67,236
172,73,245
160,67,227
174,70,244
177,75,252
168,75,243
172,74,246
177,82,259
163,75,238
163,68,231
170,73,243
170,65,235
165,65,230
170,71,241
169,74,243
175,78,253
167,65,232
160,63,223
157,69,226
165,69,234
165,75,240
177,69,246
161,60,221
169,79,248
163,71,234
159,67,226
169,70,239
166,75,241
173,62,235
166,61,227
169,66,235
164,74,238
167,74,241
173,72,245
173,75,248
160,69,229
163,73,236
175,73,248
182,77,259
167,76,243
170,71,241
170,74,244
167,68,235
169,77,246
159,62,221
169,73,242
167,65,232
173,76,249
155,74,229
170,73,243
176,60,236
171,72,243
171,69,240
167,70,237
169,74,243
176,79,255
161,71,232
171,86,257
171,77,248
171,74,245
163,74,237
163,70,233
163,70,233
159,66,225
174,65,239
165,71,236
163,69,232
173,68,241
174,68,242
169,74,243
165,69,234
166,67,233
174,83,257
179,79,258
173,70,243
173,72,245
173,69,242
182,77,259
169,70,239
178,71,249
171,70,241
170,77,247
175,81,256
170,80,250
171,69,240
172,66,238
172,70,242
167,66,233
172,72,244
158,74,232
161,62,223
173,72,245
159,70,229
169,72,241
167,75,242
174,67,241
151,66,217
176,71,247
161,74,235
168,66,234
167,75,242
168,72,240
166,78,244
172,71,243
160,69,229
153,71,224
167,66,233
168,64,232
167,75,242
167,67,234
174,80,254
167,79,246
168,66,234
159,72,231
179,75,254
159,69,228
180,70,250
161,75,236
169,64,233
171,73,244
168,68,236
171,75,246
163,80,243
167,63,230
167,75,242
173,74,247
170,73,243
164,84,248
170,66,236
172,65,237
171,73,244
176,75,251
167,69,236
168,81,249
171,78,249
169,66,235
162,68,230
172,70,242
166,67,233
173,69,242
166,73,239
164,72,236
166,79,245
166,65,231
161,74,235
170,75,245
172,73,245
167,70,237
171,78,249
172,77,249
175,72,247
163,71,234
174,76,250
173,67,240
168,72,240
171,72,243
156,60,216
171,74,245
163,79,242
174,68,242
159,62,221
172,75,247
170,69,239
159,70,229
175,78,253
170,75,245
161,78,239
172,72,244
170,74,244
173,73,246
165,67,232
167,74,241
171,78,249
164,65,229
167,65,232
174,70,244
178,79,257
177,77,254
162,70,232
172,70,242
168,78,246
171,65,236
173,74,247
166,68,234
169,74,243
167,73,240
162,69,231
171,72,243
172,71,243
174,71,245
164,77,241
171,72,243
175,65,240
157,71,228
165,69,234
161,64,225
166,79,245
165,69,234
171,74,245
173,72,245
165,70,235
181,72,253
175,61,236
163,68,231
170,72,242
169,63,232
170,71,241
169,73,242
163,70,233
165,65,230
172,72,244
153,62,215
165,77,242
162,68,230
175,77,252
161,74,235
169,74,243
175,71,246
165,72,237
170,78,248
177,70,247
171,73,244
174,75,249
165,68,233
171,66,237
173,75,248
161,68,229
170,79,249
169,69,238
178,75,253
166,63,229
165,74,239
165,70,235
175,70,245
170,69,239
171,70,241
174,82,256
163,71,234
166,67,233
170,72,242
163,70,233
167,62,229
161,75,236
172,67,239
162,75,237
161,77,238
168,69,237
170,66,236
154,69,223
162,69,231
165,77,242
161,73,234
165,78,243
160,71,231
167,72,239
162,74,236
168,63,231
161,77,238
171,72,243
168,73,241
169,69,238
171,71,242
163,69,232
164,74,238
170,70,240
164,62,226
174,73,247
165,63,228
164,71,235
171,74,245
170,70,240
168,73,241
160,71,231
165,70,235
171,73,244
160,65,225
168,67,235
168,73,241
169,68,237
171,64,235
173,68,241
173,69,242
172,75,247
163,63,226
178,72,250
165,70,235
159,66,225
163,75,238
162,63,225
173,70,243
172,69,241
176,73,249
169,76,245
170,71,241
164,78,242
166,68,234
165,71,236
171,72,243
171,69,240
171,71,242
166,76,242
172,69,241
167,71,238
172,71,243
168,68,236
167,72,239
172,72,244
168,77,245
161,68,229
173,76,249
176,74,250
171,68,239
167,70,237
162,71,233
171,63,234
167,67,234
168,59,227
168,71,239
165,68,233
169,71,240
178,72,250
167,73,240
166,69,235
172,74,246
162,68,230
170,83,253
162,74,236
168,69,237
173,72,245
174,78,252
172,69,241
164,67,231
172,72,244
173,79,252
167,66,233
171,74,245
167,73,240
166,67,233
164,70,234
165,74,239
162,71,233
177,71,248
166,67,233
163,69,232
162,76,238
164,74,238
167,66,233
170,78,248
164,76,240
158,66,224
173,77,250
164,71,235
167,77,244
163,72,235
176,62,238
170,61,231
162,72,234
175,74,249
170,76,246
166,68,234
173,81,254
160,65,225
169,71,240
161,72,233
166,72,238
159,66,225
168,74,242
162,67,229
170,69,239
163,72,235
170,80,250
162,66,228
184,83,267
176,77,253
165,69,234
163,69,232
167,78,245
170,78,248
161,65,226
166,79,245
158,77,235
167,73,240
172,80,252
168,67,235
162,75,237
166,79,245
163,65,228
167,72,239
172,74,246
164,68,232
171,67,238
170,66,236
164,62,226
174,73,247
177,73,250
170,73,243
172,65,237
164,73,237
175,79,254
167,73,240
170,70,240
169,70,239
165,76,241
165,61,226
163,65,228
171,71,242
172,73,245
158,64,222
171,81,252
165,68,233
164,61,225
168,73,241
173,71,244
177,80,257
164,69,233
165,71,236
170,62,232
163,61,224
173,62,235
170,72,242
166,66,232
177,73,250
167,77,244
169,75,244
167,71,238
158,70,228
180,78,258
174,65,239
160,72,232
159,70,229
174,75,249
172,81,253
162,71,233
166,75,241
159,67,226
164,64,228
163,69,232
169,79,248
166,70,236
156,70,226
170,71,241
164,72,236
168,68,236
164,73,237
170,70,240
173,67,240
164,73,237
154,70,224
157,68,225
176,80,256
163,62,225
162,68,230
169,71,240
175,74,249
166,74,240
167,61,228
166,65,231
166,75,241
174,82,256
172,69,241
166,63,229
178,72,250
168,80,248
179,71,250
171,72,243
174,69,243
161,73,234
168,74,242
167,66,233
170,81,251
157,69,226
172,71,243
161,76,237
166,73,239
173,76,249
173,77,250
173,69,242
170,78,248
158,62,220
173,70,243
170,73,243
164,67,231
173,77,250
170,72,242
163,77,240
166,76,242
169,72,241
166,75,241
162,79,241
174,68,242
173,78,251
181,75,256
171,76,247
168,68,236
172,71,243
164,70,234
167,68,235
167,67,234
168,72,240
174,72,246
168,73,241
161,69,230
171,73,244
169,79,248
169,75,244
168,72,240
171,67,238
172,62,234
170,74,244
165,75,240
172,65,237
161,63,224
171,68,239
174,72,246
167,84,251
182,75,257
172,76,248
171,79,250
167,72,239
164,65,229
168,75,243
159,66,225
175,75,250
169,67,236
165,68,233
167,67,234
160,75,235
173,74,247
169,69,238
172,69,241
168,67,235
163,73,236
175,78,253
173,73,246
177,70,247
174,75,249
160,70,230
163,64,227
168,68,236
163,68,231
169,68,237
168,73,241
174,72,246
171,76,247
163,64,227
175,78,253
158,66,224
167,67,234
162,62,224
170,70,240
176,74,250
173,72,245
178,68,246
164,63,227
169,67,236
162,72,234
168,67,235
170,74,244
163,70,233
167,73,240
170,69,239
170,67,237
161,74,235
175,68,243
160,66,226
155,67,222
167,76,243
170,75,245
165,69,234
170,75,245
165,74,239
176,67,243
169,67,236
173,78,251
166,68,234
177,65,242
171,70,241
161,68,229
170,79,249
168,64,232
166,72,238
167,74,241
159,72,231
161,68,229
171,78,249
163,63,226
169,68,237
171,77,248
165,56,221
162,70,232
168,73,241
168,72,240
166,66,232
166,68,234
169,67,236
176,72,248
165,69,234
161,77,238
171,80,251
174,76,250
167,74,241
173,75,248
169,64,233
166,70,236
167,63,230
166,64,230
156,75,231
178,76,254
184,85,269
166,72,238
168,79,247
164,69,233
181,79,260
171,81,252
170,74,244
159,64,223
160,70,230
170,64,234
175,63,238
166,75,241
171,75,246
166,71,237
168,69,237
164,61,225
170,72,242
164,75,239
168,73,241
175,77,252
167,64,231
174,74,248
169,71,240
153,66,219
170,72,242
162,67,229
180,76,256
173,62,235
158,71,229
167,76,243
163,75,238
172,72,244
171,77,248
170,65,235
167,70,237
162,74,236
167,64,231
156,68,224
157,70,227
171,77,248
161,72,233
171,76,247
170,67,237
164,68,232
169,66,235
168,67,235
168,72,240
165,75,240
166,72,238
171,65,236
165,74,239
156,74,230
167,73,240
177,75,252
172,73,245
170,74,244
168,68,236
160,67,227
166,73,239
161,66,227
167,77,244
166,75,241
161,72,233
167,72,239
163,68,231
167,69,236
170,65,235
160,78,238
177,78,255
164,63,227
169,70,239
166,70,236
163,64,227
167,70,237
166,61,227
167,73,240
172,68,240
160,72,232
162,76,238
160,75,235
172,73,245
168,66,234
171,78,249
169,72,241
164,68,232
168,67,235
166,65,231
172,74,246
163,77,240
167,77,244
166,73,239
170,71,241
176,75,251
164,78,242
180,71,251
167,68,235
177,77,254
165,67,232
166,73,239
157,70,227
166,75,241
168,60,228
164,71,235
172,72,244
177,73,250
162,68,230
173,74,247
162,70,232
178,69,247
164,64,228
165,74,239
176,76,252
167,64,231
168,73,241
171,59,230
169,73,242
157,67,224
163,61,224
170,76,246
168,69,237
168,71,239
159,71,230
168,69,237
177,76,253
161,69,230
163,66,229
166,70,236
161,59,220
168,73,241
168,76,244
160,69,229
164,67,231
175,76,251
176,69,245
165,63,228
169,67,236
174,78,252
163,72,235
158,63,221
161,67,228
176,76,252
164,67,231
171,67,238
172,75,247
167,72,239
162,73,235
162,75,237
171,70,241
167,68,235
169,77,246
174,83,257
169,89,258
165,71,236
173,77,250
171,72,243
161,63,224
163,69,232
170,75,245
167,70,237
172,68,240
159,73,232
162,70,232
167,75,242
167,70,237
167,69,236
170,69,239
174,68,242
166,72,238
167,79,246
170,72,242
167,74,241
167,69,236
165,68,233
170,73,243
166,75,241
169,65,234
167,74,241
172,69,241
178,68,246
160,68,228
172,77,249
174,69,243
171,71,242
164,79,243
164,66,230
169,69,238
156,67,223
168,75,243
171,67,238
167,72,239
171,73,244
165,62,227
172,78,250
169,74,243
167,69,236
160,68,228
177,78,255
161,67,228
173,71,244
173,76,249
169,74,243
166,68,234
164,68,232
172,82,254
170,71,241
169,64,233
164,68,232
165,74,239
175,81,256
160,63,223
168,75,243
163,73,236
179,78,257
164,67,231
169,63,232
160,65,225
170,78,248
167,65,232
167,72,239
168,71,239
168,70,238
164,69,233
162,78,240
162,66,228
167,70,237
171,72,243
159,73,232
173,76,249
176,80,256
177,75,252
166,63,229
178,76,254
175,83,258
168,76,244
173,75,248
161,67,228
166,78,244
164,72,236
180,77,257
163,73,236
170,73,243
164,65,229
174,67,241
163,66,229
175,87,262
165,73,238
160,73,233
166,76,242
169,76,245
172,70,242
175,76,251
172,71,243
164,75,239
167,72,239
165,75,240
165,72,237
169,70,239
168,78,246
172,72,244
169,68,237
166,67,233
161,61,222
165,76,241
167,70,237
160,59,219
167,76,243
168,76,244
171,72,243
173,73,246
167,74,241
173,72,245
176,74,250
172,68,240
173,71,244
163,64,227
164,65,229
166,69,235
161,73,234
169,70,239
171,77,248
170,64,234
179,72,251
162,69,231
169,74,243
167,75,242
176,75,251
171,72,243
169,72,241
172,69,241
170,74,244
165,75,240
176,76,252
163,69,232
179,75,254
163,69,232
166,62,228
164,67,231
167,72,239
177,67,244
170,79,249
172,68,240
164,81,245
175,74,249
164,64,228
166,69,235
165,66,231
164,69,233
165,74,239
166,70,236
173,72,245
172,74,246
165,67,232
166,76,242
165,60,225
166,68,234
174,71,245
165,74,239
166,80,246
164,70,234
169,73,242
174,75,249
160,69,229
168,72,240
163,65,228
171,73,244
158,72,230
171,71,242
170,75,245
173,74,247
169,62,231
172,74,246
171,67,238
166,71,237
168,59,227
164,69,233
168,65,233
174,65,239
171,65,236
175,77,252
172,69,241
166,73,239
175,66,241
166,69,235
174,69,243
169,71,240
170,67,237
167,75,242
165,71,236
170,74,244
169,82,251
165,77,242
161,54,215
170,69,239
162,66,228
175,76,251
168,76,244
161,65,226
158,62,220
171,75,246
170,71,241
160,63,223
164,59,223
164,72,236
171,80,251
174,73,247
165,62,227
158,70,228
179,77,256
171,80,251
168,71,239
162,76,238
173,72,245
172,70,242
157,74,231
167,73,240
165,70,235
177,72,249
162,63,225
170,73,243
165,68,233
171,70,241
172,68,240
173,69,242
166,70,236
172,75,247
173,75,248
165,71,236
160,70,230
174,64,238
168,79,247
175,74,249
173,73,246
160,63,223
173,78,251
167,75,242
168,72,240
164,70,234
161,68,229
172,69,241
173,85,258
170,71,241
180,76,256
166,74,240
171,63,234
168,68,236
162,74,236
172,74,246
164,71,235
175,80,255
163,73,236
168,75,243
171,71,242
165,65,230
171,77,248
166,69,235
171,66,237
155,65,220
171,68,239
166,65,231
170,74,244
176,79,255
170,73,243
167,64,231
173,71,244
169,78,247
153,65,218
164,66,230
178,70,248
155,65,220
168,68,236
174,73,247
165,66,231
157,70,227
158,78,236
164,69,233
176,69,245
170,64,234
163,75,238
172,72,244
172,73,245
165,71,236
177,74,251
161,71,232
165,67,232
175,73,248
167,69,236
174,73,247
169,67,236
181,69,250
165,74,239
183,67,250
172,73,245
165,65,230
169,78,247
155,69,224
161,66,227
178,72,250
175,80,255
171,77,248
165,67,232
166,64,230
172,70,242
164,75,239
166,69,235
168,73,241
168,68,236
167,73,240
177,69,246
169,71,240
168,72,240
168,64,232
168,76,244
170,78,248
154,76,230
173,71,244
159,79,238
164,61,225
176,81,257
156,78,234
164,69,233
171,64,235
162,70,232
166,76,242
165,72,237
170,71,241
160,70,230
163,73,236
170,71,241
160,61,221
166,71,237
162,70,232
172,67,239
170,72,242
166,62,228
170,72,242
167,74,241
168,72,240
172,71,243
166,70,236
173,67,240
160,69,229
167,79,246
167,68,235
165,66,231
162,73,235
169,77,246
172,66,238
177,73,250
162,80,242
169,79,248
168,78,246
161,66,227
161,68,229
172,69,241
164,73,237
170,72,242
172,83,255
163,68,231
160,63,223
176,80,256
163,64,227
163,77,240
173,75,248
172,72,244
175,77,252
167,74,241
171,78,249
170,72,242
168,76,244
167,73,240
180,76,256
178,74,252
165,73,238
157,53,210
164,70,234
161,69,230
164,72,236
163,72,235
167,67,234
168,72,240
164,73,237
169,70,239
170,82,252
167,66,233
177,71,248
170,70,240
175,74,249
170,68,238
162,64,226
168,78,246
169,74,243
167,66,233
167,79,246
163,64,227
168,64,232
166,75,241
167,72,239
179,74,253
162,70,232
166,77,243
177,71,248
168,66,234
173,76,249
170,71,241
168,69,237
162,67,229
176,77,253
168,75,243
174,67,241
169,70,239
174,72,246
162,73,235
163,74,237
171,65,236
172,81,253
171,69,240
163,77,240
161,71,232
169,70,239
175,63,238
166,76,242
168,72,240
171,72,243
172,74,246
162,66,228
168,67,235
173,85,258
165,67,232
168,68,236
168,77,245
170,69,239
166,64,230
173,86,259
159,69,228
171,75,246
169,62,231
165,72,237
163,71,234
161,65,226
159,72,231
178,84,262
169,72,241
170,76,246
165,70,235
171,76,247
171,78,249
162,67,229
154,68,222
168,66,234
167,72,239
162,65,227
163,75,238
169,78,247
170,77,247
166,68,234
175,73,248
158,68,226
164,79,243
167,75,242
162,70,232
160,70,230
167,68,235
165,64,229
159,71,230
165,78,243
171,70,241
170,67,237
165,71,236
161,74,235
168,62,230
165,62,227
164,67,231
179,76,255
174,67,241
178,73,251
161,69,230
170,81,251
161,75,236
175,76,251
169,70,239
167,83,250
164,68,232
173,69,242
164,65,229
164,67,231
162,68,230
172,76,248
183,77,260
155,67,222
172,68,240
167,72,239
168,69,237
175,75,250
168,77,245
165,69,234
163,71,234
160,66,226
170,66,236
163,71,234
169,72,241
175,64,239
168,64,232
172,66,238
171,76,247
162,72,234
173,69,242
159,61,220
169,73,242
171,70,241
164,87,251
165,72,237
164,74,238
160,66,226
162,66,228
164,73,237
164,61,225
171,79,250
171,67,238
171,76,247
157,71,228
169,73,242
163,62,225
167,79,246
162,64,226
165,74,239
170,73,243
161,77,238
178,73,251
176,75,251
172,65,237
166,73,239
173,79,252
164,72,236
169,73,242
169,72,241
165,68,233
171,74,245
160,66,226
167,73,240
167,80,247
170,73,243
159,67,226
171,70,241
176,78,254
161,68,229
165,69,234
170,63,233
162,64,226
161,67,228
165,66,231
156,64,220
168,73,241
169,77,246
171,80,251
172,72,244
168,73,241
172,67,239
170,72,242
168,75,243
161,72,233
157,65,222
161,68,229
168,68,236
163,74,237
170,63,233
165,81,246
168,76,244
175,71,246
170,76,246
164,66,230
174,74,248
168,78,246
166,65,231
170,80,250
177,73,250
167,73,240
170,75,245
169,74,243
168,66,234
165,67,232
167,72,239
170,72,242
170,75,245
162,72,234
161,52,213
165,65,230
164,66,230
168,73,241
171,61,232
170,72,242
170,80,250
166,61,227
166,73,239
173,73,246
176,75,251
174,74,248
159,61,220
170,78,248
174,74,248
160,65,225
169,73,242
164,77,241
163,76,239
175,79,254
168,65,233
173,73,246
164,72,236
164,74,238
167,68,235
170,74,244
165,75,240
183,86,269
166,67,233
169,69,238
166,71,237
162,68,230
175,69,244
172,70,242
161,75,236
165,57,222
164,59,223
174,70,244
159,68,227
164,65,229
171,71,242
169,77,246
168,62,230
169,77,246
174,71,245
165,59,224
161,72,233
167,68,235
169,69,238
167,69,236
173,70,243
168,74,242
167,72,239
159,64,223
172,69,241
167,71,238
172,68,240
166,76,242
169,76,245
166,66,232
180,73,253
169,75,244
177,76,253
171,81,252
159,66,225
162,68,230
162,74,236
179,81,260
165,64,229
173,81,254
169,73,242
172,71,243
160,65,225
159,72,231
161,76,237
178,72,250
166,71,237
167,70,237
172,67,239
174,66,240
168,67,235
161,68,229
172,75,247
166,76,242
178,76,254
171,66,237
180,80,260
177,69,246
164,76,240
168,73,241
164,70,234
170,62,232
170,69,239
168,65,233
178,74,252
169,73,242
165,68,233
167,73,240
161,69,230
177,72,249
169,69,238
167,59,226
169,73,242
166,74,240
164,66,230
164,71,235
169,72,241
169,74,243
181,77,258
172,77,249
163,70,233
173,74,247
163,69,232
172,74,246
172,66,238
170,66,236
172,81,253
167,75,242
162,63,225
163,73,236
178,66,244
168,72,240
166,66,232
174,76,250
168,62,230
169,76,245
170,72,242
168,68,236
166,72,238
171,68,239
167,74,241
173,73,246
165,68,233
167,73,240
169,71,240
167,68,235
169,74,243
170,68,238
167,61,228
166,73,239
171,78,249
166,72,238
164,68,232
177,75,252
175,81,256
170,69,239
164,81,245
172,75,247
169,77,246
168,73,241
170,68,238
167,77,244
165,75,240
167,80,247
165,72,237
170,77,247
170,77,247
171,69,240
169,73,242
176,69,245
159,65,224
167,65,232
161,74,235
168,71,239
165,65,230
171,73,244
170,63,233
161,61,222
167,74,241
162,66,228
166,80,246
169,62,231
176,80,256
172,76,248
164,70,234
167,74,241
168,59,227
162,64,226
174,67,241
169,78,247
166,71,237
177,82,259
167,72,239
168,69,237
160,68,228
163,64,227
160,73,233
172,74,246
166,68,234
169,74,243
171,80,251
168,76,244
169,81,250
163,77,240
168,73,241
177,72,249
175,78,253
171,81,252
171,68,239
172,74,246
174,80,254
164,67,231
159,70,229
169,77,246
166,64,230
169,80,249
169,71,240
171,70,241
163,70,233
159,70,229
154,72,226
171,75,246
170,70,240
169,72,241
171,69,240
163,67,230
163,72,235
166,68,234
174,68,242
166,71,237
171,75,246
178,76,254
165,73,238
153,65,218
169,66,235
174,67,241
164,75,239
163,76,239
167,68,235
171,75,246
175,75,250
171,66,237
167,78,245
170,60,230
165,74,239
162,61,223
168,69,237
165,73,238
164,76,240
163,71,234
164,62,226
165,75,240
171,79,250
167,79,246
161,70,231
175,75,250
172,73,245
169,70,239
172,75,247
161,66,227
164,63,227
164,72,236
172,74,246
173,73,246
166,64,230
172,73,245
157,70,227
168,70,238
168,75,243
165,77,242
161,65,226
168,74,242
167,74,241
169,64,233
168,72,240
171,74,245
171,74,245
168,69,237
181,78,259
163,68,231
173,70,243
161,73,234
171,74,245
165,67,232
171,69,240
172,77,249
170,74,244
164,70,234
162,66,228
175,67,242
170,63,233
173,78,251
174,63,237
166,65,231
180,76,256
175,69,244
174,68,242
166,69,235
180,75,255
159,74,233
177,73,250
170,69,239
167,76,243
163,69,232
171,78,249
172,81,253
167,75,242
167,68,235
167,72,239
171,67,238
176,71,247
171,67,238
169,72,241
177,75,252
170,69,239
164,65,229
168,72,240
165,82,247
169,67,236
170,74,244
166,70,236
171,73,244
168,68,236
169,71,240
172,71,243
165,70,235
164,68,232
167,66,233
163,66,229
169,78,247
160,73,233
172,81,253
167,72,239
170,60,230
164,68,232
172,75,247
159,56,215
172,71,243
161,74,235
170,77,247
171,65,236
159,62,221
169,75,244
170,71,241
167,79,246
175,69,244
172,76,248
165,74,239
166,74,240
165,74,239
160,69,229
165,68,233
171,74,245
168,68,236
159,65,224
168,77,245
160,65,225
165,72,237
172,70,242
175,72,247
174,67,241
166,66,232
161,70,231
163,66,229
170,69,239
171,74,245
161,71,232
160,70,230
169,71,240
174,73,247
180,72,252
171,76,247
164,71,235
159,75,234
162,63,225
168,74,242
176,72,248
175,71,246
167,68,235
166,66,232
180,66,246
173,73,246
170,76,246
170,69,239
168,66,234
164,67,231
165,71,236
174,72,246
176,69,245
166,68,234
162,74,236
170,60,230
165,72,237
163,63,226
169,71,240
168,73,241
172,79,251
170,78,248
166,76,242
167,67,234
166,70,236
168,76,244
178,78,256
170,71,241
161,62,223
169,62,231
162,62,224
178,70,248
177,75,252
166,70,236
166,61,227
170,79,249
173,67,240
172,71,243
170,71,241
163,70,233
162,72,234
174,77,251
170,78,248
171,64,235
170,81,251
164,74,238
169,78,247
169,76,245
166,67,233
166,74,240
171,79,250
167,72,239
168,71,239
165,74,239
167,70,237
173,77,250
163,75,238
163,73,236
171,78,249
170,72,242
166,69,235
165,72,237
166,71,237
159,66,225
166,68,234
170,70,240
170,68,238
167,66,233
172,66,238
177,80,257
178,77,255
161,64,225
182,74,256
175,69,244
174,73,247
171,65,236
167,75,242
173,65,238
161,62,223
169,70,239
162,63,225
169,67,236
168,60,228
172,65,237
173,72,245
177,80,257
170,71,241
170,65,235
168,69,237
161,65,226
162,75,237
161,74,235
166,60,226
163,67,230
169,64,233
169,74,243
166,72,238
172,80,252
171,82,253
175,70,245
157,61,218
163,67,230
167,65,232
156,67,223
168,67,235
160,73,233
167,66,233
166,67,233
166,75,241
158,73,231
165,67,232
168,68,236
162,58,220
158,73,231
171,81,252
162,66,228
171,66,237
170,67,237
161,78,239
178,73,251
165,74,239
181,77,258
159,61,220
164,66,230
179,66,245
171,69,240
167,69,236
172,68,240
157,67,224
166,68,234
171,65,236
166,83,249
164,63,227
172,73,245
171,70,241
167,64,231
171,77,248
172,76,248
170,72,242
174,77,251
179,71,250
171,74,245
173,73,246
176,63,239
168,75,243
171,76,247
165,65,230
165,71,236
166,65,231
165,70,235
167,63,230
164,68,232
175,71,246
168,81,249
156,68,224
163,68,231
163,71,234
167,77,244
162,79,241
166,71,237
180,77,257
169,71,240
162,85,247
169,66,235
166,77,243
168,65,233
165,74,239
172,67,239
160,68,228
162,69,231
167,70,237
166,69,235
172,83,255
172,75,247
174,68,242
166,73,239
166,67,233
167,65,232
166,71,237
159,68,227
175,77,252
171,72,243
167,71,238
164,66,230
169,67,236
166,73,239
169,72,241
165,66,231
172,78,250
166,63,229
167,66,233
171,67,238
170,74,244
165,67,232
165,61,226
165,75,240
170,69,239
172,74,246
169,64,233
164,71,235
155,64,219
178,75,253
176,74,250
165,69,234
171,68,239
167,78,245
157,72,229
166,69,235
166,76,242
172,70,242
173,79,252
179,74,253
169,75,244
170,67,237
174,65,239
173,65,238
164,67,231
168,64,232
167,70,237
171,72,243
168,70,238
166,70,236
173,79,252
180,79,259
168,66,234
165,67,232
167,70,237
162,79,241
165,71,236
164,69,233
171,78,249
170,69,239
175,73,248
166,66,232
166,68,234
161,62,223
160,77,237
174,77,251
167,73,240
162,58,220
164,73,237
168,72,240
180,79,259
169,60,229
175,87,262
164,71,235
148,71,219
166,81,247
170,73,243
165,74,239
171,78,249
169,80,249
171,73,244
173,69,242
170,75,245
165,73,238
179,75,254
164,74,238
169,61,230
155,70,225
166,81,247
170,68,238
171,80,251
165,66,231
167,65,232
165,70,235
176,82,258
169,66,235
175,69,244
160,65,225
171,65,236
169,66,235
173,75,248
176,70,246
169,75,244
170,68,238
175,72,247
172,82,254
168,69,237
167,69,236
170,75,245
168,81,249
166,73,239
160,69,229
168,74,242
165,75,240
167,75,242
165,67,232
178,76,254
164,70,234
164,73,237
167,64,231
158,70,228
164,78,242
163,75,238
170,78,248
170,77,247
167,74,241
178,70,248
160,65,225
166,69,235
170,72,242
167,75,242
167,72,239
169,64,233
170,79,249
169,61,230
165,72,237
164,70,234
165,67,232
169,71,240
174,71,245
174,73,247
165,63,228
177,73,250
173,73,246
178,74,252
160,69,229
161,67,228
171,75,246
169,74,243
163,71,234
170,71,241
165,61,226
176,66,242
168,75,243
168,71,239
169,64,233
157,71,228
163,72,235
167,74,241
156,79,235
164,75,239
170,73,243
167,63,230
166,79,245
172,74,246
162,66,228
164,62,226
168,64,232
172,72,244
164,64,228
171,68,239
156,68,224
176,75,251
173,69,242
171,78,249
170,73,243
170,73,243
164,76,240
171,70,241
164,68,232
156,70,226
169,74,243
171,77,248
171,73,244
159,74,233
165,77,242
159,63,222
166,68,234
171,66,237
167,63,230
170,77,247
170,65,235
160,72,232
162,71,233
175,73,248
166,69,235
166,71,237
179,82,261
173,73,246
162,64,226
172,76,248
166,69,235
179,81,260
159,73,232
170,72,242
172,79,251
169,73,242
166,69,235
166,73,239
168,72,240
176,77,253
169,71,240
166,67,233
174,79,253
156,73,229
162,61,223
164,72,236
175,57,232
177,70,247
173,68,241
176,77,253
171,72,243
168,71,239
161,82,243
165,59,224
166,66,232
168,73,241
173,75,248
167,61,228
162,74,236
161,62,223
167,65,232
167,76,243
156,69,225
166,71,237
173,80,253
170,73,243
167,65,232
157,71,228
168,73,241
166,74,240
153,67,220
168,75,243
170,70,240
162,68,230
167,62,229
168,66,234
169,70,239
165,71,236
181,73,254
160,76,236
168,75,243
168,74,242
169,72,241
167,70,237
171,67,238
165,69,234
173,78,251
169,72,241
167,74,241
163,72,235
168,77,245
162,71,233
173,71,244
168,68,236
166,62,228
166,70,236
171,75,246
171,62,233
170,74,244
175,71,246
171,78,249
170,78,248
161,70,231
168,69,237
157,71,228
178,74,252
175,74,249
168,77,245
166,72,238
173,74,247
159,71,230
165,72,237
168,72,240
166,71,237
174,70,244
159,76,235
170,71,241
160,69,229
163,68,231
170,78,248
171,71,242
171,78,249
157,65,222
162,68,230
174,77,251
161,70,231
165,69,234
174,69,243
160,72,232
170,63,233
163,76,239
167,69,236
168,78,246
167,78,245
169,72,241
178,76,254
169,77,246
170,68,238
173,76,249
173,76,249
163,72,235
167,78,245
164,65,229
167,66,233
170,69,239
168,69,237
172,70,242
175,74,249
169,75,244
168,68,236
168,69,237
166,66,232
171,71,242
162,71,233
172,73,245
177,63,240
170,80,250
179,72,251
167,64,231
175,72,247
164,77,241
173,77,250
170,80,250
175,67,242
173,86,259
165,70,235
171,70,241
158,68,226
160,67,227
169,78,247
164,72,236
174,79,253
166,70,236
164,70,234
165,66,231
165,63,228
170,72,242
165,68,233
167,68,235
167,63,230
164,70,234
173,73,246
176,75,251
170,66,236
167,76,243
164,63,227
175,70,245
168,72,240
162,64,226
172,69,241
170,72,242
174,74,248
174,73,247
170,71,241
165,75,240
157,63,220
166,71,237
164,62,226
161,71,232
171,75,246
164,66,230
177,80,257
166,71,237
168,75,243
165,74,239
171,80,251
170,66,236
169,68,237
166,64,230
163,66,229
176,71,247
175,75,250
169,63,232
157,67,224
166,69,235
160,74,234
168,57,225
169,68,237
158,75,233
175,67,242
166,76,242
173,75,248
173,68,241
172,60,232
179,75,254
169,71,240
172,73,245
163,63,226
172,73,245
167,68,235
167,70,237
167,80,247
166,72,238
174,73,247
173,75,248
172,72,244
166,60,226
172,74,246
172,76,248
169,62,231
175,75,250
176,70,246
173,74,247
168,80,248
165,69,234
164,67,231
174,80,254
171,73,244
178,76,254
160,77,237
172,77,249
168,70,238
166,79,245
168,70,238
159,65,224
166,68,234
157,60,217
169,71,240
172,78,250
163,69,232
173,71,244
163,76,239
167,67,234
169,70,239
171,74,245
168,73,241
169,79,248
153,71,224
162,67,229
172,66,238
171,69,240
163,75,238
158,70,228
183,79,262
168,73,241
175,73,248
166,79,245
161,69,230
163,67,230
167,73,240
163,78,241
160,67,227
174,69,243
156,66,222
162,63,225
168,67,235
165,71,236
174,75,249
160,68,228
167,73,240
163,69,232
160,60,220
160,73,233
170,74,244
170,70,240
171,78,249
170,73,243
172,69,241
163,65,228
153,64,217
167,84,251
167,67,234
172,78,250
158,69,227
168,67,235
176,75,251
165,74,239
173,69,242
163,75,238
166,72,238
155,68,223
164,72,236
177,72,249
162,71,233
161,68,229
170,60,230
168,75,243
170,77,247
170,74,244
167,75,242
173,71,244
169,66,235
162,69,231
171,79,250
169,81,250
166,72,238
161,75,236
163,75,238
178,73,251
169,72,241
168,76,244
170,74,244
166,71,237
169,61,230
169,71,240
164,67,231
166,73,239
159,67,226
171,60,231
163,66,229
166,74,240
172,66,238
157,63,220
170,74,244
165,71,236
171,61,232
172,81,253
166,66,232
163,68,231
175,69,244
164,72,236
167,76,243
168,66,234
166,68,234
164,66,230
162,75,237
170,64,234
164,70,234
163,66,229
168,67,235
160,68,228
165,75,240
165,73,238
169,70,239
166,66,232
167,71,238
157,72,229
168,77,245
172,66,238
162,79,241
168,69,237
170,83,253
173,71,244
165,73,238
168,71,239
173,71,244
174,67,241
161,73,234
165,69,234
170,73,243
161,86,247
168,73,241
172,75,247
171,69,240
171,71,242
162,67,229
162,72,234
169,65,234
169,77,246
161,68,229
169,74,243
177,71,248
159,60,219
164,72,236
156,69,225
167,73,240
167,72,239
174,79,253
169,78,247
174,63,237
171,72,243
164,69,233
169,74,243
162,73,235
171,69,240
170,74,244
169,70,239
165,66,231
169,71,240
178,66,244
175,73,248
159,68,227
155,63,218
158,63,221
174,78,252
159,65,224
170,67,237
165,73,238
167,71,238
165,78,243
171,73,244
166,69,235
168,80,248
171,73,244
173,73,246
164,70,234
170,70,240
161,67,228
167,75,242
159,63,222
171,77,248
174,79,253
163,69,232
170,74,244
172,77,249
163,70,233
168,63,231
167,69,236
168,73,241
153,66,219
168,71,239
165,75,240
165,73,238
167,77,244
170,74,244
174,74,248
167,61,228
163,65,228
172,68,240
173,77,250
162,66,228
161,57,218
171,67,238
168,72,240
163,74,237
171,72,243
167,66,233
165,71,236
165,72,237
172,70,242
174,70,244
162,69,231
173,73,246
171,75,246
173,76,249
178,71,249
174,74,248
160,69,229
169,66,235
169,64,233
170,69,239
173,71,244
172,75,247
175,74,249
169,73,242
170,71,241
165,72,237
159,76,235
163,68,231
163,67,230
166,72,238
172,73,245
164,79,243
164,72,236
168,66,234
165,66,231
164,72,236
170,71,241
168,80,248
164,65,229
163,74,237
162,79,241
170,74,244
163,77,240
161,67,228
168,70,238
164,72,236
162,78,240
174,75,249
165,67,232
171,69,240
169,72,241
158,65,223
172,70,242
176,76,252
166,67,233
165,82,247
169,63,232
163,69,232
168,71,239
173,68,241
161,66,227
165,70,235
169,72,241
157,69,226
181,72,253
163,72,235
165,69,234
159,64,223
176,73,249
166,74,240
163,61,224
162,69,231
166,73,239
164,64,228
169,77,246
171,68,239
168,65,233
170,75,245
176,68,244
159,67,226
168,74,242
174,72,246
182,64,246
166,75,241
169,79,248
178,76,254
170,72,242
166,68,234
161,71,232
162,75,237
167,75,242
165,68,233
163,71,234
172,70,242
166,61,227
177,78,255
168,67,235
176,66,242
178,66,244
166,69,235
178,77,255
175,69,244
166,73,239
175,79,254
172,76,248
167,78,245
164,78,242
168,82,250
166,78,244
170,75,245
164,55,219
160,75,235
159,72,231
172,69,241
168,67,235
153,76,229
171,70,241
158,78,236
166,64,230
162,70,232
171,69,240
168,76,244
156,62,218
176,72,248
160,64,224
170,61,231
161,74,235
168,75,243
174,80,254
170,70,240
151,62,213
161,66,227
167,72,239
160,80,240
172,66,238
162,67,229
162,70,232
170,68,238
163,67,230
170,68,238
168,65,233
168,76,244
180,78,258
172,78,250
170,82,252
158,64,222
164,84,248
165,77,242
165,72,237
173,74,247
172,74,246
172,63,235
168,74,242
166,68,234
171,71,242
166,76,242
169,77,246
165,70,235
172,68,240
168,79,247
164,73,237
173,79,252
170,78,248
166,74,240
169,68,237
167,73,240
160,71,231
169,67,236
167,69,236
167,74,241
162,69,231
169,73,242
171,75,246
175,74,249
168,61,229
165,64,229
165,71,236
166,71,237
163,60,223
176,60,236
169,71,240
169,70,239
172,68,240
164,66,230
162,63,225
164,71,235
168,75,243
173,74,247
178,73,251
171,72,243
181,69,250
163,69,232
177,68,245
169,69,238
169,81,250
171,64,235
168,73,241
165,74,239
182,71,253
169,76,245
171,68,239
166,77,243
162,73,235
164,78,242
169,71,240
167,75,242
162,66,228
167,79,246
162,73,235
166,72,238
170,72,242
175,83,258
172,80,252
169,75,244
173,70,243
166,70,236
166,78,244
165,62,227
175,67,242
161,67,228
176,73,249
174,68,242
162,62,224
173,70,243
170,79,249
176,74,250
166,74,240
171,69,240
175,62,237
160,79,239
155,68,223
164,76,240
165,68,233
173,79,252
164,67,231
173,73,246
166,77,243
164,74,238
163,73,236
173,66,239
167,65,232
166,72,238
179,76,255
161,72,233
172,77,249
168,75,243
167,72,239
170,82,252
174,74,248
166,71,237
165,74,239
166,71,237
164,72,236
166,69,235
168,73,241
162,67,229
170,83,253
169,64,233
160,75,235
176,67,243
165,77,242
171,66,237
163,74,237
170,67,237
173,64,237
169,75,244
170,69,239
167,72,239
172,64,236
170,73,243
161,70,231
163,71,234
169,72,241
176,70,246
168,81,249
173,72,245
166,75,241
160,73,233
164,73,237
178,81,259
165,72,237
166,72,238
173,74,247
169,79,248
169,70,239
168,75,243
168,76,244
169,68,237
166,64,230
173,67,240
174,72,246
174,78,252
171,80,251
167,69,236
161,65,226
167,71,238
179,75,254
163,65,228
167,72,239
169,70,239
171,72,243
167,68,235
167,69,236
171,68,239
169,69,238
165,73,238
162,76,238
166,68,234
168,67,235
172,73,245
165,69,234
173,68,241
170,67,237
177,70,247
163,67,230
166,70,236
173,59,232
184,81,265
175,78,253
168,66,234
170,65,235
165,67,232
185,70,255
172,70,242
172,74,246
173,65,238
165,69,234
159,72,231
176,80,256
163,80,243
172,70,242
177,70,247
165,78,243
176,75,251
174,84,258
168,70,238
159,66,225
162,71,233
170,69,239
171,70,241
164,78,242
164,66,230
164,67,231
167,76,243
157,70,227
171,78,249
165,76,241
168,67,235
174,76,250
172,69,241
173,72,245
166,77,243
159,59,218
169,77,246
163,74,237
183,71,254
163,61,224
165,75,240
175,70,245
167,70,237
167,73,240
166,64,230
167,76,243
172,73,245
179,82,261
168,75,243
180,75,255
164,71,235
174,78,252
166,67,233
169,78,247
164,75,239
172,73,245
171,71,242
167,76,243
169,72,241
175,75,250
170,70,240
171,78,249
157,67,224
165,56,221
171,61,232
164,72,236
164,69,233
170,72,242
173,70,243
173,75,248
173,73,246
168,65,233
166,68,234
161,64,225
170,75,245
159,69,228
173,72,245
168,74,242
174,78,252
162,69,231
167,69,236
157,65,222
172,70,242
172,71,243
171,64,235
172,77,249
168,71,239
172,74,246
159,69,228
169,80,249
170,64,234
168,80,248
169,74,243
162,66,228
171,65,236
171,68,239
172,80,252
170,66,236
176,68,244
173,75,248
165,70,235
166,67,233
160,75,235
171,68,239
171,71,242
162,77,239
169,71,240
164,72,236
166,71,237
171,69,240
165,76,241
171,64,235
167,70,237
175,68,243
166,73,239
177,68,245
168,71,239
172,76,248
167,68,235
163,74,237
171,76,247
168,69,237
171,73,244
173,69,242
171,67,238
170,78,248
158,70,228
164,72,236
174,75,249
168,75,243
173,74,247
177,75,252
170,72,242
165,71,236
168,69,237
176,81,257
178,76,254
177,73,250
166,72,238
172,74,246
172,71,243
163,74,237
181,69,250
162,68,230
167,80,247
168,65,233
170,82,252
168,74,242
177,69,246
167,66,233
163,66,229
169,66,235
177,69,246
166,67,233
163,67,230
164,64,228
173,80,253
169,69,238
169,67,236
157,69,226
164,75,239
162,64,226
163,75,238
174,69,243
167,70,237
177,70,247
159,69,228
171,78,249
167,66,233
168,75,243
172,76,248
174,74,248
177,73,250
172,68,240
167,64,231
179,72,251
163,67,230
169,70,239
163,70,233
175,72,247
164,65,229
162,80,242
167,72,239
170,73,243
171,73,244
164,65,229
167,73,240
176,71,247
163,74,237
169,63,232
170,70,240
165,71,236
172,70,242
171,77,248
171,82,253
166,73,239
166,70,236
168,77,245
174,79,253
166,71,237
163,71,234
170,78,248
169,67,236
162,62,224
174,76,250
166,61,227
171,78,249
169,70,239
166,72,238
179,69,248
170,73,243
162,71,233
171,66,237
169,65,234
175,71,246
166,68,234
166,71,237
167,70,237
166,77,243
171,76,247
168,69,237
167,76,243
174,74,248
168,74,242
163,65,228
166,68,234
170,79,249
172,77,249
165,75,240
170,76,246
166,69,235
163,69,232
166,73,239
162,61,223
171,64,235
172,67,239
163,66,229
163,72,235
156,73,229
171,78,249
171,72,243
166,71,237
170,70,240
176,71,247
174,73,247
156,74,230
177,76,253
160,71,231
164,67,231
169,67,236
169,79,248
171,75,246
167,73,240
167,73,240
162,57,219
171,75,246
166,71,237
175,72,247
175,81,256
186,73,259
166,67,233
172,78,250
167,65,232
166,76,242
171,73,244
162,69,231
171,76,247
160,67,227
179,72,251
174,73,247
164,67,231
163,68,231
169,71,240
168,72,240
162,69,231
169,72,241
163,71,234
173,73,246
160,71,231
164,77,241
159,65,224
168,77,245
170,75,245
166,72,238
162,66,228
167,74,241
162,69,231
168,70,238
153,63,216
164,70,234
166,81,247
169,75,244
164,61,225
170,77,247
177,71,248
168,70,238
162,68,230
167,72,239
167,71,238
169,69,238
169,77,246
164,72,236
171,67,238
176,73,249
165,66,231
167,56,223
175,73,248
170,70,240
166,75,241
167,72,239
166,74,240
176,72,248
170,73,243
170,75,245
157,65,222
168,76,244
164,72,236
158,68,226
169,70,239
167,73,240
169,69,238
169,62,231
167,66,233
161,69,230
170,81,251
161,61,222
174,69,243
162,68,230
168,71,239
176,75,251
165,64,229
167,66,233
173,75,248
170,77,247
159,66,225
174,77,251
166,63,229
173,76,249
153,63,216
161,66,227
167,66,233
174,80,254
173,69,242
172,75,247
176,79,255
172,72,244
166,69,235
165,75,240
176,70,246
174,71,245
179,80,259
163,64,227
173,65,238
168,72,240
167,76,243
170,63,233
167,67,234
166,69,235
169,70,239
156,67,223
169,68,237
162,70,232
172,74,246
169,69,238
168,69,237
175,69,244
174,70,244
171,65,236
165,70,235
164,70,234
165,84,249
162,72,234
158,65,223
172,79,251
165,66,231
170,75,245
159,69,228
159,70,229
163,70,233
161,66,227
165,62,227
172,72,244
174,65,239
168,75,243
171,70,241
169,68,237
160,69,229
174,71,245
167,67,234
159,68,227
173,72,245
153,68,221
168,71,239
162,68,230
170,73,243
163,74,237
170,82,252
166,62,228
168,74,242
161,76,237
170,73,243
161,64,225
159,77,236
170,63,233
162,66,228
171,75,246
165,70,235
162,66,228
174,75,249
169,63,232
170,70,240
165,73,238
166,74,240
162,70,232
171,75,246
169,68,237
162,70,232
157,66,223
167,66,233
159,79,238
168,75,243
174,78,252
168,71,239
172,64,236
171,69,240
181,81,262
163,68,231
167,71,238
171,77,248
181,73,254
159,67,226
174,84,258
169,75,244
167,82,249
168,74,242
171,68,239
166,72,238
181,71,252
162,67,229
169,71,240
160,71,231
170,71,241
174,62,236
163,60,223
171,75,246
168,67,235
170,68,238
173,68,241
174,76,250
161,75,236
168,67,235
165,74,239
171,93,264
169,73,242
173,67,240
165,75,240
171,75,246
169,67,236
162,69,231
168,70,238
163,69,232
167,75,242
180,78,258
169,69,238
177,73,250
166,68,234
169,77,246
172,76,248
167,74,241
178,73,251
167,61,228
154,65,219
166,61,227
170,75,245
166,70,236
164,62,226
160,70,230
169,72,241
168,70,238
165,64,229
166,75,241
164,77,241
169,79,248
166,74,240
166,66,232
158,73,231
169,67,236
174,76,250
167,66,233
164,72,236
164,74,238
179,78,257
162,69,231
166,69,235
164,62,226
166,75,241
171,68,239
167,70,237
159,71,230
178,71,249
161,75,236
166,75,241
159,63,222
174,73,247
171,75,246
174,77,251
164,69,233
171,73,244
167,76,243
161,77,238
173,73,246
164,76,240
169,56,225
170,65,235
165,66,231
171,72,243
167,79,246
170,73,243
167,76,243
176,71,247
161,67,228
173,65,238
166,74,240
170,78,248
162,79,241
159,66,225
160,69,229
172,73,245
167,73,240
169,70,239
163,69,232
178,73,251
159,63,222
169,74,243
169,64,233
174,73,247
160,74,234
161,66,227
161,61,222
171,74,245
173,72,245
161,65,226
164,73,237
161,67,228
170,68,238
163,80,243
162,67,229
171,70,241
172,87,259
179,72,251
176,74,250
174,67,241
172,78,250
169,84,253
177,70,247
174,71,245
168,73,241
154,63,217
165,61,226
161,66,227
160,67,227
163,70,233
168,72,240
164,72,236
163,70,233
167,75,242
158,69,227
166,76,242
161,69,230
171,73,244
167,72,239
156,72,228
163,68,231
175,73,248
171,74,245
172,72,244
170,75,245
166,71,237
165,63,228
173,78,251
159,70,229
172,65,237
163,67,230
172,73,245
168,68,236
165,66,231
173,75,248
178,78,256
169,65,234
174,83,257
171,74,245
167,72,239
165,74,239
165,69,234
169,73,242
169,70,239
160,65,225
171,69,240
160,66,226
170,69,239
172,64,236
173,71,244
172,71,243
170,66,236
162,65,227
167,70,237
164,66,230
174,72,246
163,69,232
181,76,257
163,68,231
171,70,241
176,78,254
170,62,232
164,74,238
158,75,233
161,61,222
164,66,230
165,70,235
169,73,242
172,75,247
172,66,238
170,60,230
174,77,251
167,67,234
165,67,232
163,69,232
165,75,240
174,72,246
169,63,232
168,73,241
166,67,233
166,69,235
172,70,242
162,71,233
166,75,241
174,78,252
164,68,232
164,79,243
166,71,237
171,70,241
169,70,239
160,71,231
179,76,255
171,71,242
161,73,234
168,76,244
171,70,241
170,55,225
166,63,229
168,76,244
171,71,242
171,70,241
160,68,228
163,64,227
171,65,236
161,69,230
168,74,242
162,63,225
169,68,237
170,73,243
177,76,253
166,55,221
166,72,238
168,80,248
168,84,252
170,69,239
162,62,224
165,78,243
174,70,244
163,69,232
172,74,246
164,67,231
169,74,243
165,65,230
172,71,243
166,68,234
160,68,228
165,73,238
174,77,251
174,77,251
164,72,236
171,70,241
175,72,247
160,71,231
172,63,235
166,69,235
166,72,238
174,73,247
173,70,243
169,79,248
174,78,252
169,79,248
161,69,230
169,78,247
166,75,241
162,75,237
163,66,229
164,61,225
163,67,230
165,62,227
168,66,234
167,81,248
171,81,252
178,67,245
168,77,245
172,65,237
167,74,241
168,68,236
162,70,232
165,76,241
165,68,233
160,62,222
164,73,237
173,76,249
170,72,242
165,73,238
164,71,235
163,75,238
166,67,233
181,79,260
159,62,221
168,75,243
163,65,228
169,67,236
169,81,250
171,77,248
162,70,232
170,71,241
169,66,235
165,70,235
173,76,249
169,74,243
173,75,248
163,73,236
176,72,248
162,77,239
169,72,241
165,73,238
164,75,239
168,78,246
166,67,233
169,68,237
178,73,251
175,79,254
174,82,256
164,72,236
164,71,235
166,71,237
173,68,241
169,75,244
177,77,254
166,86,252
166,70,236
161,66,227
173,68,241
162,67,229
166,75,241
171,71,242
168,67,235
167,70,237
172,68,240
164,70,234
179,73,252
170,67,237
170,71,241
173,66,239
166,64,230
168,71,239
161,71,232
163,72,235
179,70,249
166,74,240
173,71,244
174,75,249
166,68,234
170,81,251
162,68,230
160,60,220
176,73,249
166,64,230
162,70,232
171,72,243
162,68,230
164,70,234
168,69,237
168,73,241
166,64,230
156,68,224
171,62,233
168,71,239
173,66,239
167,74,241
169,70,239
177,75,252
165,69,234
164,73,237
162,62,224
160,55,215
160,67,227
177,73,250
165,73,238
162,72,234
156,72,228
168,84,252
170,74,244
176,67,243
159,70,229
162,66,228
165,65,230
175,67,242
173,82,255
158,72,230
176,66,242
169,71,240
163,73,236
159,75,234
166,61,227
173,78,251
178,69,247
168,68,236
170,70,240
170,81,251
170,81,251
171,72,243
170,67,237
166,72,238
164,76,240
172,70,242
159,66,225
166,69,235
162,66,228
162,72,234
169,77,246
172,65,237
162,78,240
172,72,244
176,71,247
167,76,243
163,72,235
176,74,250
168,76,244
170,73,243
163,69,232
161,74,235
174,72,246
173,68,241
175,75,250
170,69,239
165,66,231
166,85,251
175,64,239
171,69,240
163,66,229
159,72,231
162,66,228
170,67,237
162,67,229
172,74,246
166,62,228
170,80,250
166,80,246
157,61,218
170,64,234
163,76,239
174,77,251
168,68,236
173,79,252
168,74,242
172,69,241
171,77,248
167,67,234
164,75,239
174,76,250
174,67,241
168,73,241
165,71,236
170,69,239
172,80,252
168,71,239
163,72,235
171,71,242
167,72,239
169,76,245
166,65,231
163,73,236
170,68,238
162,69,231
171,75,246
161,67,228
172,62,234
159,62,221
162,62,224
170,81,251
169,75,244
167,65,232
180,74,254
162,62,224
178,62,240
174,74,248
169,74,243
161,71,232
166,69,235
160,73,233
165,74,239
168,80,248
168,71,239
171,68,239
166,66,232
161,64,225
165,66,231
169,80,249
170,75,245
177,72,249
168,76,244
160,69,229
161,75,236
173,73,246
164,77,241
170,65,235
171,80,251
170,76,246
172,68,240
173,83,256
170,71,241
176,67,243
169,73,242
171,72,243
171,65,236
161,70,231
168,64,232
173,72,245
175,66,241
173,71,244
164,77,241
166,71,237
160,67,227
165,67,232
180,76,256
169,76,245
168,64,232
160,74,234
162,73,235
160,72,232
168,67,235
174,79,253
171,74,245
163,71,234
164,74,238
158,71,229
166,68,234
169,74,243
163,77,240
174,73,247
168,67,235
172,61,233
168,74,242
160,69,229
176,73,249
177,78,255
152,72,224
174,68,242
163,64,227
171,75,246
164,76,240
161,71,232
173,64,237
177,79,256
167,71,238
174,70,244
161,69,230
164,67,231
170,71,241
160,66,226
173,70,243
166,74,240
171,71,242
164,77,241
161,78,239
182,74,256
167,77,244
171,66,237
163,63,226
166,76,242
173,78,251
183,85,268
175,74,249
165,82,247
167,78,245
171,67,238
164,81,245
172,69,241
174,82,256
160,72,232
172,72,244
175,71,246
173,72,245
168,68,236
172,73,245
169,75,244
175,80,255
172,71,243
164,64,228
164,74,238
163,66,229
172,76,248
171,73,244
159,63,222
164,74,238
167,70,237
169,66,235
173,70,243
166,71,237
167,67,234
175,74,249
172,73,245
169,67,236
174,71,245
169,76,245
176,73,249
173,65,238
160,67,227
171,75,246
170,62,232
172,78,250
165,77,242
172,64,236
170,65,235
171,78,249
172,77,249
176,74,250
167,82,249
165,72,237
173,67,240
165,70,235
164,69,233
168,78,246
164,65,229
175,84,259
169,71,240
165,70,235
174,65,239
173,75,248
170,74,244
165,65,230
166,70,236
171,72,243
170,63,233
169,77,246
165,65,230
172,76,248
159,73,232
168,74,242
169,76,245
171,67,238
172,72,244
164,73,237
161,62,223
173,77,250
168,71,239
174,77,251
162,68,230
160,67,227
166,65,231
160,68,228
169,73,242
167,82,249
170,60,230
166,66,232
161,71,232
165,68,233
152,58,210
167,72,239
167,68,235
166,65,231
168,72,240
173,69,242
171,71,242
162,67,229
178,74,252
161,70,231
162,75,237
172,77,249
185,75,260
170,70,240
166,79,245
173,75,248
171,73,244
171,72,243
175,70,245
166,78,244
167,66,233
173,70,243
176,68,244
168,72,240
163,75,238
176,75,251
167,70,237
168,63,231
170,76,246
173,73,246
173,66,239
169,68,237
177,76,253
157,60,217
172,77,249
172,82,254
160,63,223
162,76,238
174,71,245
169,68,237
160,68,228
174,70,244
166,68,234
163,62,225
172,69,241
168,71,239
172,74,246
173,72,245
174,77,251
169,67,236
169,72,241
174,77,251
174,73,247
168,68,236
166,72,238
165,70,235
161,62,223
163,76,239
157,73,230
164,69,233
169,71,240
171,82,253
172,68,240
169,79,248
168,78,246
173,69,242
162,79,241
174,75,249
176,79,255
173,67,240
163,67,230
164,71,235
178,84,262
165,69,234
167,78,245
168,67,235
166,65,231
168,75,243
166,61,227
169,74,243
170,71,241
173,63,236
179,76,255
173,70,243
167,65,232
153,61,214
172,76,248
172,69,241
166,76,242
165,77,242
166,74,240
168,68,236
168,72,240
166,63,229
167,67,234
176,75,251
170,77,247
169,69,238
166,82,248
172,75,247
169,66,235
168,72,240
161,62,223
169,75,244
158,78,236
172,78,250
164,65,229
166,74,240
165,66,231
167,66,233
172,67,239
170,73,243
165,73,238
155,75,230
171,75,246
167,60,227
164,72,236
174,77,251
160,70,230
170,72,242
171,71,242
172,72,244
155,64,219
169,71,240
166,68,234
166,79,245
166,69,235
161,71,232
160,73,233
165,72,237
168,71,239
162,79,241
174,68,242
158,74,232
172,77,249
168,71,239
164,73,237
177,72,249
168,73,241
174,62,236
167,78,245
160,80,240
168,77,245
158,72,230
167,64,231
176,77,253
172,71,243
170,67,237
168,70,238
165,81,246
169,66,235
168,77,245
173,68,241
171,71,242
176,77,253
170,79,249
158,68,226
170,72,242
171,81,252
176,75,251
167,67,234
169,72,241
168,74,242
165,76,241
173,73,246
171,72,243
168,67,235
168,70,238
176,73,249
165,75,240
167,66,233
165,64,229
167,68,235
174,70,244
163,67,230
167,75,242
170,72,242
168,70,238
163,75,238
167,68,235
161,67,228
171,80,251
174,77,251
162,72,234
162,68,230
178,74,252
164,74,238
165,73,238
162,69,231
172,74,246
170,78,248
171,69,240
172,70,242
171,72,243
173,75,248
165,71,236
178,74,252
166,71,237
182,79,261
174,67,241
170,80,250
171,68,239
175,75,250
170,68,238
163,72,235
160,69,229
163,76,239
168,76,244
165,73,238
160,68,228
158,66,224
166,73,239
172,79,251
167,72,239
164,66,230
155,67,222
174,77,251
170,68,238
168,62,230
162,63,225
175,76,251
173,68,241
169,58,227
170,70,240
163,71,234
172,69,241
175,63,238
176,69,245
175,72,247
180,83,263
162,72,234
169,72,241
169,82,251
174,70,244
174,71,245
161,69,230
166,69,235
160,60,220
165,65,230
176,80,256
160,68,228
173,66,239
169,71,240
169,72,241
169,73,242
170,70,240
164,65,229
169,73,242
162,75,237
169,65,234
167,75,242
171,76,247
175,73,248
171,75,246
166,68,234
170,70,240
166,69,235
175,71,246
173,71,244
167,71,238
167,71,238
168,69,237
169,69,238
180,78,258
167,62,229
165,71,236
178,75,253
175,69,244
172,69,241
168,78,246
168,68,236
171,78,249
174,76,250
159,68,227
158,68,226
168,67,235
162,69,231
162,74,236
174,77,251
170,75,245
162,69,231
171,76,247
163,64,227
170,68,238
175,74,249
168,79,247
173,75,248
165,74,239
162,66,228
162,71,233
167,73,240
173,68,241
158,77,235
176,68,244
164,74,238
174,73,247
166,69,235
163,70,233
171,66,237
160,73,233
172,72,244
172,76,248
162,78,240
165,65,230
165,77,242
162,78,240
162,68,230
175,69,244
170,74,244
161,62,223
173,75,248
166,67,233
171,78,249
164,58,222
174,69,243
171,74,245
172,73,245
162,67,229
160,66,226
163,69,232
168,70,238
178,84,262
174,66,240
171,68,239
171,72,243
172,76,248
157,69,226
167,70,237
173,74,247
162,64,226
167,68,235
165,68,233
157,74,231
172,74,246
166,68,234
172,67,239
162,74,236
173,78,251
165,71,236
166,65,231
170,71,241
169,69,238
168,71,239
163,64,227
164,74,238
173,71,244
163,75,238
167,65,232
157,70,227
170,65,235
168,72,240
165,64,229
165,74,239
173,67,240
178,80,258
172,78,250
169,72,241
173,70,243
172,73,245
160,62,222
168,61,229
174,66,240
170,75,245
180,75,255
160,71,231
168,64,232
159,67,226
173,74,247
167,75,242
164,74,238
176,70,246
172,65,237
162,60,222
164,72,236
173,69,242
165,73,238
165,73,238
160,69,229
167,61,228
171,72,243
156,71,227
170,75,245
171,73,244
171,74,245
164,71,235
174,76,250
172,77,249
178,69,247
177,83,260
160,72,232
164,63,227
169,80,249
168,73,241
169,69,238
177,73,250
169,74,243
178,74,252
171,64,235
166,72,238
173,64,237
173,69,242
164,76,240
164,67,231
169,77,246
170,75,245
164,70,234
162,73,235
174,68,242
160,77,237
167,58,225
177,60,237
173,77,250
170,69,239
176,65,241
172,71,243
163,67,230
156,68,224
171,72,243
161,59,220
173,68,241
175,76,251
175,63,238
161,73,234
165,67,232
168,69,237
175,71,246
161,69,230
163,66,229
174,74,248
169,72,241
172,70,242
164,67,231
171,75,246
162,71,233
161,68,229
168,67,235
181,81,262
174,80,254
167,73,240
165,81,246
168,75,243
166,67,233
165,76,241
176,78,254
167,73,240
170,69,239
170,73,243
159,72,231
174,67,241
161,73,234
168,68,236
162,67,229
167,79,246
169,68,237
165,63,228
166,76,242
159,65,224
174,67,241
168,75,243
164,69,233
165,74,239
170,69,239
166,71,237
174,76,250
160,72,232
157,66,223
163,62,225
156,68,224
174,74,248
168,70,238
160,61,221
155,70,225
158,65,223
159,71,230
168,72,240
172,75,247
162,74,236
167,73,240
165,67,232
175,73,248
164,69,233
175,74,249
165,70,235
158,69,227
160,67,227
167,73,240
173,72,245
165,75,240
173,72,245
171,70,241
172,67,239
171,71,242
167,65,232
164,68,232
161,68,229
169,69,238
161,70,231
169,72,241
173,73,246
169,81,250
174,69,243
160,66,226
165,72,237
173,73,246
172,68,240
164,70,234
156,60,216
172,66,238
170,70,240
168,69,237
170,70,240
165,68,233
167,73,240
164,73,237
162,69,231
162,62,224
169,74,243
170,79,249
173,70,243
167,66,233
171,67,238
169,75,244
160,68,228
165,70,235
167,71,238
166,58,224
159,77,236
162,68,230
167,70,237
174,76,250
182,70,252
161,72,233
172,76,248
175,64,239
173,74,247
159,63,222
166,81,247
164,69,233
158,74,232
168,78,246
173,71,244
165,71,236
162,67,229
174,78,252
170,74,244
176,81,257
174,75,249
171,75,246
174,73,247
168,73,241
168,71,239
159,68,227
177,72,249
165,72,237
164,77,241
171,68,239
177,74,251
170,65,235
160,62,222
167,76,243
153,65,218
165,83,248
166,74,240
165,66,231
172,72,244
168,68,236
171,70,241
180,77,257
155,63,218
160,70,230
170,76,246
170,72,242
168,66,234
166,66,232
170,75,245
175,78,253
164,74,238
174,77,251
167,66,233
161,73,234
164,75,239
178,77,255
168,75,243
171,80,251
155,63,218
154,70,224
156,74,230
161,67,228
169,76,245
175,77,252
167,73,240
164,71,235
162,73,235
166,67,233
172,72,244
168,63,231
167,70,237
172,70,242
160,68,228
171,73,244
173,74,247
170,66,236
163,74,237
166,78,244
167,73,240
174,75,249
171,75,246
167,80,247
167,72,239
172,82,254
174,75,249
175,68,243
165,65,230
164,67,231
167,75,242
174,71,245
168,67,235
171,75,246
175,72,247
157,71,228
165,65,230
174,73,247
163,59,222
172,65,237
166,73,239
170,79,249
176,78,254
171,65,236
170,67,237
170,81,251
170,61,231
171,69,240
174,69,243
175,75,250
173,78,251
175,70,245
174,70,244
171,70,241
172,75,247
169,63,232
175,79,254
173,77,250
170,76,246
163,68,231
158,69,227
171,79,250
165,68,233
169,66,235
165,73,238
170,71,241
167,62,229
161,68,229
168,67,235
160,69,229
171,77,248
166,66,232
166,68,234
167,77,244
169,77,246
172,76,248
163,74,237
165,77,242
171,71,242
170,75,245
167,71,238
173,68,241
170,75,245
167,70,237
170,72,242
168,70,238
167,76,243
163,62,225
162,79,241
175,73,248
164,75,239
165,75,240
160,68,228
167,65,232
172,66,238
175,82,257
169,62,231
178,83,261
170,77,247
169,59,228
170,72,242
171,66,237
166,64,230
172,67,239
165,68,233
172,73,245
168,81,249
174,70,244
178,76,254
170,73,243
168,71,239
167,82,249
170,73,243
176,74,250
166,64,230
178,75,253
168,64,232
162,68,230
167,72,239
173,67,240
176,78,254
174,78,252
169,66,235
174,80,254
150,65,215
175,73,248
168,77,245
173,68,241
177,82,259
171,68,239
161,68,229
167,77,244
160,68,228
175,71,246
168,78,246
165,55,220
165,70,235
174,78,252
161,71,232
167,70,237
175,71,246
162,66,228
182,77,259
169,73,242
168,76,244
167,66,233
170,69,239
170,71,241
172,73,245
163,56,219
166,79,245
171,80,251
168,77,245
167,63,230
171,79,250
177,80,257
164,76,240
170,72,242
166,73,239
165,60,225
156,75,231
173,77,250
164,66,230
166,73,239
164,68,232
165,74,239
170,71,241
161,70,231
176,81,257
168,65,233
169,68,237
171,76,247
162,71,233
170,77,247
165,66,231
165,78,243
176,75,251
166,69,235
172,69,241
163,67,230
167,71,238
173,72,245
168,75,243
162,71,233
163,71,234
171,75,246
164,63,227
175,70,245
166,72,238
169,74,243
175,68,243
169,69,238
168,65,233
166,72,238
172,69,241
169,80,249
169,64,233
173,70,243
165,68,233
175,74,249
165,69,234
177,73,250
168,73,241
173,73,246
165,79,244
166,68,234
170,71,241
173,73,246
167,79,246
166,81,247
165,75,240
163,71,234
174,71,245
172,73,245
161,66,227
173,77,250
166,60,226
159,63,222
164,68,232
163,77,240
167,76,243
167,76,243
175,69,244
169,76,245
166,72,238
166,63,229
163,69,232
177,69,246
164,74,238
166,70,236
166,70,236
170,68,238
169,79,248
175,69,244
165,71,236
166,69,235
165,64,229
171,68,239
172,70,242
162,76,238
168,62,230
169,72,241
171,73,244
160,77,237
166,72,238
173,69,242
177,75,252
170,66,236
172,76,248
174,73,247
178,66,244
167,72,239
152,64,216
172,75,247
164,69,233
169,71,240
168,71,239
172,70,242
171,76,247
176,70,246
168,69,237
177,74,251
165,67,232
160,63,223
163,75,238
169,70,239
173,70,243
163,66,229
166,73,239
177,68,245
168,64,232
167,68,235
151,70,221
170,72,242
163,76,239
165,63,228
166,67,233
176,74,250
169,74,243
168,76,244
171,72,243
178,67,245
160,69,229
171,69,240
163,70,233
165,66,231
165,70,235
172,68,240
165,73,238
163,63,226
163,73,236
170,75,245
162,71,233
167,60,227
169,69,238
174,68,242
170,69,239
165,72,237
165,75,240
167,75,242
168,75,243
170,76,246
162,68,230
169,58,227
175,73,248
169,71,240
158,69,227
161,67,228
168,68,236
177,75,252
169,75,244
173,73,246
165,72,237
158,79,237
171,74,245
159,68,227
174,76,250
174,76,250
172,83,255
170,65,235
170,69,239
160,66,226
163,73,236
171,73,244
166,73,239
168,74,242
164,69,233
167,68,235
166,75,241
167,67,234
173,69,242
175,80,255
164,79,243
173,83,256
178,71,249
168,72,240
174,71,245
169,72,241
173,73,246
168,73,241
166,66,232
168,65,233
165,79,244
171,67,238
170,70,240
164,72,236
164,75,239
173,73,246
157,66,223
165,70,235
170,75,245
171,71,242
162,72,234
179,78,257
171,67,238
166,65,231
176,78,254
171,72,243
160,70,230
176,72,248
170,75,245
170,73,243
166,72,238
165,72,237
174,72,246
172,77,249
159,69,228
176,78,254
164,72,236
175,74,249
174,79,253
164,73,237
164,65,229
168,74,242
166,73,239
175,75,250
168,77,245
173,72,245
166,67,233
163,71,234
169,61,230
170,73,243
160,71,231
171,72,243
172,72,244
166,80,246
167,76,243
160,68,228
166,72,238
166,66,232
163,70,233
164,76,240
170,76,246
169,73,242
169,74,243
163,65,228
169,67,236
170,72,242
167,71,238
163,72,235
172,75,247
174,70,244
157,72,229
169,64,233
166,69,235
166,65,231
170,76,246
171,78,249
174,74,248
172,65,237
166,64,230
172,82,254
172,64,236
163,67,230
172,66,238
166,78,244
172,77,249
172,68,240
165,71,236
163,76,239
166,69,235
166,68,234
171,72,243
172,77,249
151,67,218
172,80,252
183,74,257
172,70,242
168,69,237
169,71,240
168,72,240
175,72,247
165,63,228
164,80,244
168,58,226
169,73,242
170,75,245
166,71,237
160,68,228
172,71,243
168,61,229
168,71,239
162,64,226
166,68,234
170,70,240
169,80,249
168,69,237
173,72,245
173,64,237
165,68,233
172,65,237
172,72,244
167,73,240
167,78,245
164,64,228
167,73,240
171,71,242
173,80,253
177,77,254
168,72,240
173,70,243
169,70,239
170,74,244
163,68,231
165,75,240
167,73,240
173,79,252
161,76,237
176,76,252
163,72,235
168,63,231
171,74,245
170,73,243
174,68,242
165,72,237
162,67,229
175,71,246
176,84,260
173,72,245
173,66,239
176,70,246
172,76,248
167,64,231
164,74,238
170,81,251
169,67,236
169,64,233
165,73,238
165,77,242
167,77,244
152,63,215
165,69,234
181,81,262
164,77,241
171,76,247
162,68,230
161,63,224
173,78,251
167,73,240
173,69,242
155,71,226
168,70,238
167,65,232
169,68,237
168,75,243
157,79,236
161,66,227
174,74,248
171,61,232
173,73,246
162,70,232
171,68,239
164,70,234
175,68,243
171,75,246
173,87,260
164,75,239
173,72,245
165,72,237
169,65,234
162,66,228
165,69,234
168,74,242
163,68,231
166,70,236
169,71,240
172,68,240
167,69,236
167,67,234
170,74,244
162,67,229
167,70,237
170,67,237
168,67,235
165,71,236
172,71,243
164,74,238
169,78,247
167,75,242
163,73,236
171,73,244
164,74,238
160,70,230
169,70,239
164,72,236
168,68,236
171,71,242
159,61,220
173,71,244
170,71,241
163,77,240
168,76,244
165,71,236
169,72,241
163,70,233
170,67,237
173,77,250
158,60,218
167,66,233
168,75,243
174,70,244
169,65,234
161,75,236
177,72,249
163,81,244
172,72,244
171,66,237
170,73,243
175,71,246
174,69,243
158,68,226
170,71,241
165,76,241
171,73,244
172,75,247
173,73,246
168,63,231
173,77,250
170,71,241
165,77,242
162,70,232
160,68,228
178,70,248
171,76,247
165,71,236
167,74,241
167,80,247
170,71,241
168,76,244
167,73,240
171,68,239
178,77,255
168,77,245
167,69,236
163,70,233
170,62,232
174,71,245
167,67,234
173,70,243
174,77,251
174,63,237
164,73,237
170,76,246
166,74,240
170,74,244
171,75,246
169,71,240
176,74,250
166,75,241
160,72,232
166,68,234
174,76,250
167,68,235
179,81,260
170,66,236
169,73,242
163,68,231
167,70,237
173,74,247
172,69,241
169,79,248
170,67,237
167,66,233
168,65,233
176,73,249
171,70,241
165,77,242
162,71,233
174,74,248
159,64,223
167,67,234
160,72,232
171,69,240
166,79,245
160,64,224
160,68,228
175,70,245
163,67,230
158,72,230
174,74,248
165,66,231
167,74,241
170,78,248
170,79,249
170,72,242
173,75,248
168,67,235
176,72,248
156,68,224
169,62,231
164,70,234
167,69,236
170,72,242
166,70,236
179,75,254
164,76,240
173,72,245
165,64,229
159,66,225
168,72,240
169,74,243
165,77,242
179,72,251
167,75,242
165,66,231
169,80,249
173,74,247
170,66,236
166,67,233
159,60,219
163,69,232
169,76,245
169,64,233
170,82,252
179,75,254
165,70,235
163,61,224
168,77,245
165,65,230
161,66,227
162,66,228
173,71,244
172,63,235
170,70,240
164,65,229
174,72,246
162,69,231
175,73,248
159,67,226
168,77,245
169,77,246
167,67,234
175,71,246
165,72,237
159,63,222
163,64,227
176,75,251
173,76,249
170,84,254
177,66,243
173,71,244
171,72,243
163,67,230
167,68,235
168,70,238
164,61,225
166,73,239
176,75,251
163,58,221
168,68,236
163,68,231
166,72,238
162,64,226
171,71,242
164,74,238
167,70,237
164,73,237
169,67,236
164,84,248
164,69,233
158,69,227
158,67,225
176,67,243
169,74,243
164,63,227
172,68,240
171,76,247
170,75,245
163,67,230
161,65,226
169,70,239
168,64,232
170,72,242
168,69,237
171,70,241
169,74,243
164,73,237
166,73,239
159,67,226
167,64,231
165,69,234
177,71,248
167,79,246
171,73,244
152,70,222
171,71,242
173,71,244
162,73,235
162,72,234
171,75,246
164,65,229
163,74,237
169,81,250
166,72,238
163,78,241
168,72,240
170,72,242
161,67,228
175,75,250
170,73,243
171,74,245
169,81,250
166,72,238
165,68,233
167,67,234
174,72,246
161,71,232
175,74,249
164,70,234
169,74,243
179,78,257
173,77,250
171,80,251
173,73,246
170,73,243
173,69,242
164,64,228
171,81,252
167,61,228
160,73,233
171,76,247
169,79,248
160,73,233
166,73,239
177,69,246
163,72,235
178,78,256
166,75,241
174,64,238
163,72,235
179,70,249
167,76,243
157,72,229
182,82,264
174,80,254
167,62,229
169,67,236
160,61,221
167,70,237
172,74,246
171,72,243
164,71,235
170,74,244
168,71,239
164,80,244
172,78,250
169,69,238
174,78,252
174,67,241
155,72,227
164,63,227
173,74,247
173,71,244
167,75,242
168,70,238
170,73,243
168,69,237
169,77,246
165,66,231
163,78,241
168,77,245
164,72,236
171,73,244
164,66,230
172,68,240
174,82,256
167,73,240
167,67,234
168,64,232
167,62,229
174,76,250
166,64,230
177,77,254
173,80,253
165,66,231
166,72,238
176,77,253
170,73,243
161,66,227
163,74,237
161,74,235
179,71,250
169,76,245
166,65,231
165,63,228
175,68,243
164,78,242
168,69,237
167,75,242
165,67,232
166,65,231
173,72,245
165,64,229
173,73,246
159,69,228
167,67,234
162,58,220
182,69,251
174,61,235
170,65,235
166,68,234
172,68,240
161,68,229
170,76,246
173,70,243
163,58,221
170,73,243
174,69,243
171,74,245
158,70,228
165,72,237
165,73,238
166,71,237
174,75,249
158,65,223
165,74,239
178,75,253
187,75,262
169,73,242
170,81,251
168,74,242
175,74,249
158,77,235
170,70,240
171,79,250
167,79,246
173,63,236
166,72,238
177,74,251
170,71,241
174,70,244
171,72,243
167,78,245
162,69,231
163,60,223
170,69,239
165,69,234
175,61,236
172,67,239
166,73,239
170,74,244
161,66,227
175,81,256
177,72,249
176,70,246
160,74,234
155,65,220
175,72,247
162,63,225
177,65,242
167,67,234
169,71,240
156,61,217
168,67,235
168,68,236
164,72,236
170,73,243
167,74,241
159,74,233
167,71,238
171,78,249
164,67,231
162,75,237
167,67,234
169,63,232
171,71,242
168,65,233
161,73,234
175,76,251
169,75,244
166,73,239
168,71,239
160,68,228
164,69,233
172,71,243
173,70,243
170,67,237
170,67,237
173,70,243
169,67,236
152,71,223
161,69,230
169,73,242
168,71,239
165,69,234
166,74,240
166,71,237
171,68,239
176,70,246
160,66,226
155,65,220
157,62,219
173,66,239
170,80,250
165,73,238
160,62,222
168,70,238
171,69,240
169,75,244
181,71,252
165,70,235
168,60,228
175,68,243
161,70,231
158,71,229
166,75,241
159,73,232
174,74,248
166,68,234
167,70,237
161,69,230
179,69,248
161,72,233
167,70,237
180,72,252
158,64,222
168,67,235
170,72,242
170,75,245
174,64,238
165,61,226
174,79,253
168,70,238
165,65,230
177,69,246
169,70,239
165,62,227
163,71,234
160,71,231
175,74,249
173,72,245
160,69,229
169,73,242
180,65,245
169,69,238
172,76,248
172,70,242
169,71,240
168,68,236
162,62,224
166,64,230
166,74,240
166,76,242
163,70,233
161,66,227
169,77,246
175,72,247
163,70,233
168,70,238
164,73,237
168,64,232
174,75,249
161,71,232
175,79,254
164,73,237
164,79,243
168,67,235
167,74,241
175,70,245
176,81,257
163,75,238
172,72,244
159,66,225
173,73,246
173,86,259
173,65,238
163,80,243
169,63,232
161,64,225
169,73,242
171,74,245
161,67,228
167,65,232
167,69,236
174,67,241
162,71,233
161,73,234
163,68,231
163,68,231
164,60,224
161,66,227
170,71,241
162,66,228
167,68,235
170,73,243
172,71,243
175,63,238
163,66,229
172,73,245
164,71,235
165,59,224
172,67,239
162,70,232
166,84,250
162,67,229
163,69,232
171,63,234
169,79,248
184,77,261
171,79,250
166,74,240
162,76,238
168,67,235
178,68,246
171,73,244
160,63,223
170,71,241
165,68,233
175,69,244
168,72,240
171,75,246
160,70,230
164,72,236
163,60,223
174,69,243
162,73,235
168,73,241
168,78,246
164,70,234
176,73,249
161,65,226
163,74,237
168,72,240
165,71,236
164,70,234
163,69,232
167,76,243
168,71,239
162,71,233
167,71,238
173,69,242
163,75,238
160,60,220
167,68,235
163,69,232
171,71,242
159,62,221
157,60,217
170,70,240
166,78,244
158,69,227
159,66,225
169,65,234
149,58,207
167,72,239
159,61,220
171,72,243
171,72,243
168,69,237
174,78,252
164,73,237
164,66,230
159,71,230
169,70,239
166,71,237
184,83,267
170,83,253
172,69,241
166,71,237
172,77,249
168,67,235
162,72,234
154,72,226
175,75,250
173,65,238
163,65,228
168,62,230
165,83,248
168,76,244
175,70,245
164,72,236
169,75,244
175,81,256
174,67,241
171,76,247
176,79,255
174,75,249
167,66,233
169,75,244
168,71,239
164,75,239
169,80,249
164,71,235
163,71,234
175,81,256
190,81,271
177,69,246
164,68,232
178,73,251
163,63,226
171,67,238
167,76,243
174,73,247
168,70,238
166,70,236
170,70,240
168,75,243
171,69,240
163,62,225
167,71,238
165,62,227
167,80,247
168,66,234
164,66,230
171,79,250
161,70,231
170,74,244
165,76,241
168,66,234
163,76,239
174,70,244
165,66,231
181,81,262
164,69,233
165,72,237
157,71,228
168,59,227
166,68,234
170,78,248
178,73,251
164,74,238
159,68,227
167,77,244
163,68,231
164,75,239
161,77,238
164,62,226
174,74,248
164,71,235
167,71,238
171,71,242
159,60,219
172,71,243
151,66,217
158,68,226
172,69,241
167,60,227
171,69,240
166,76,242
172,78,250
173,68,241
168,74,242
170,79,249
166,73,239
159,65,224
164,73,237
168,74,242
162,68,230
166,69,235
176,76,252
170,63,233
171,78,249
173,68,241
165,73,238
166,70,236
176,73,249
167,67,234
171,77,248
172,76,248
164,65,229
171,72,243
170,73,243
166,66,232
163,64,227
167,74,241
168,73,241
162,61,223
171,68,239
155,63,218
169,69,238
169,75,244
168,74,242
165,69,234
175,75,250
164,60,224
164,63,227
168,71,239
171,64,235
171,74,245
169,60,229
173,71,244
166,75,241
172,66,238
171,71,242
166,73,239
164,71,235
169,78,247
167,71,238
159,67,226
167,70,237
170,76,246
166,65,231
172,71,243
167,77,244
170,67,237
158,65,223
168,70,238
176,78,254
171,68,239
169,71,240
169,67,236
169,71,240
171,74,245
169,72,241
168,74,242
168,66,234
169,66,235
158,62,220
168,68,236
171,65,236
173,74,247
170,72,242
159,71,230
160,72,232
169,69,238
169,74,243
175,67,242
180,73,253
163,71,234
174,75,249
179,71,250
178,64,242
167,71,238
173,63,236
168,66,234
168,69,237
175,72,247
164,70,234
180,77,257
166,73,239
176,72,248
168,72,240
159,72,231
169,60,229
154,69,223
164,68,232
171,64,235
166,65,231
169,76,245
179,71,250
174,79,253
159,65,224
161,68,229
173,63,236
177,63,240
168,78,246
169,76,245
165,65,230
161,64,225
172,77,249
171,67,238
170,79,249
167,77,244
167,69,236
171,74,245
169,69,238
170,63,233
167,73,240
170,70,240
164,60,224
164,74,238
168,70,238
171,63,234
169,72,241
162,67,229
166,65,231
167,68,235
162,62,224
173,70,243
166,72,238
169,71,240
160,71,231
170,64,234
163,67,230
166,73,239
171,75,246
165,70,235
163,62,225
175,76,251
170,80,250
166,77,243
165,71,236
172,69,241
171,65,236
164,67,231
171,70,241
163,69,232
172,79,251
165,69,234
155,71,226
166,75,241
167,70,237
166,79,245
159,65,224
170,76,246
179,74,253
163,62,225
180,74,254
171,78,249
165,71,236
156,73,229
176,75,251
170,72,242
169,74,243
167,67,234
165,76,241
175,72,247
166,72,238
170,77,247
177,83,260
166,79,245
161,83,244
165,63,228
167,73,240
169,71,240
170,79,249
174,65,239
166,67,233
171,67,238
172,71,243
167,80,247
167,73,240
173,81,254
171,67,238
173,69,242
169,67,236
165,65,230
159,67,226
168,72,240
170,71,241
163,60,223
170,68,238
171,72,243
167,73,240
167,75,242
172,74,246
168,69,237
178,77,255
170,76,246
175,78,253
166,65,231
170,72,242
168,82,250
168,69,237
170,69,239
169,66,235
165,64,229
165,74,239
178,69,247
160,68,228
164,67,231
167,72,239
157,73,230
163,72,235
166,80,246
172,82,254
167,69,236
168,68,236
160,67,227
166,77,243
163,65,228
169,71,240
174,74,248
162,65,227
183,72,255
163,75,238
166,77,243
177,75,252
162,76,238
165,72,237
159,66,225
169,68,237
166,69,235
164,72,236
171,73,244
165,70,235
163,66,229
165,70,235
176,67,243
156,77,233
172,74,246
169,71,240
170,68,238
161,71,232
174,79,253
168,71,239
172,73,245
168,78,246
173,73,246
176,62,238
171,80,251
167,65,232
160,75,235
167,75,242
172,69,241
168,69,237
165,76,241
167,69,236
157,61,218
171,71,242
162,69,231
166,71,237
170,79,249
174,75,249
170,67,237
173,73,246
168,67,235
169,71,240
173,71,244
165,70,235
166,74,240
176,65,241
168,76,244
166,74,240
172,71,243
164,66,230
167,78,245
168,75,243
162,68,230
168,77,245
174,77,251
160,63,223
169,72,241
166,65,231
173,69,242
171,67,238
173,68,241
175,66,241
175,82,257
169,68,237
161,69,230
164,69,233
165,67,232
168,64,232
159,78,237
162,72,234
161,72,233
169,72,241
169,76,245
157,67,224
177,72,249
160,62,222
162,64,226
163,68,231
163,62,225
170,73,243
169,70,239
166,63,229
162,69,231
168,69,237
165,66,231
160,72,232
171,78,249
168,74,242
173,69,242
169,70,239
167,68,235
168,68,236
169,72,241
175,73,248
163,64,227
171,78,249
166,62,228
169,72,241
169,68,237
165,67,232
173,73,246
173,75,248
177,74,251
174,68,242
166,67,233
166,71,237
172,78,250
158,66,224
174,70,244
169,74,243
169,60,229
176,79,255
168,68,236
165,73,238
173,69,242
175,80,255
169,81,250
173,69,242
166,69,235
163,68,231
175,73,248
172,71,243
168,62,230
165,63,228
175,69,244
173,74,247
164,81,245
163,71,234
161,69,230
171,71,242
171,66,237
170,68,238
163,69,232
174,77,251
169,68,237
166,56,222
165,74,239
162,71,233
172,67,239
169,79,248
167,74,241
169,82,251
163,69,232
167,70,237
169,71,240
172,69,241
169,69,238
174,69,243
169,71,240
174,67,241
155,68,223
173,69,242
166,70,236
161,63,224
169,67,236
166,66,232
167,68,235
171,67,238
173,68,241
169,71,240
180,79,259
167,64,231
160,70,230
169,65,234
173,74,247
176,79,255
169,62,231
175,70,245
169,74,243
162,68,230
169,73,242
166,70,236
177,85,262
157,72,229
169,73,242
170,68,238
163,64,227
169,71,240
176,79,255
168,78,246
174,73,247
162,66,228
171,78,249
171,68,239
167,71,238
166,73,239
173,75,248
160,73,233
166,64,230
164,76,240
162,73,235
166,76,242
158,67,225
159,63,222
165,71,236
176,66,242
166,77,243
167,69,236
172,69,241
156,70,226
171,71,242
162,68,230
177,72,249
164,68,232
158,69,227
174,67,241
174,76,250
174,71,245
168,67,235
173,71,244
168,74,242
174,76,250
167,69,236
169,62,231
171,75,246
165,77,242
163,66,229
179,79,258
165,64,229
161,64,225
174,67,241
168,76,244
163,69,232
167,82,249
170,72,242
173,68,241
160,78,238
166,77,243
174,73,247
173,73,246
165,69,234
170,79,249
166,79,245
168,64,232
177,71,248
174,71,245
179,77,256
169,66,235
167,70,237
167,71,238
177,60,237
167,71,238
176,78,254
168,79,247
169,70,239
168,74,242
163,70,233
165,70,235
173,77,250
161,72,233
171,71,242
164,71,235
168,69,237
169,71,240
166,75,241
175,77,252
165,69,234
164,74,238
168,69,237
165,66,231
160,78,238
169,65,234
169,73,242
175,81,256
174,75,249
182,81,263
174,77,251
172,78,250
161,67,228
173,75,248
172,77,249
178,69,247
179,81,260
168,72,240
162,71,233
173,69,242
166,69,235
176,78,254
168,67,235
166,71,237
164,72,236
173,77,250
169,70,239
169,82,251
161,63,224
164,70,234
170,71,241
170,69,239
178,73,251
174,74,248
172,79,251
162,66,228
164,66,230
161,67,228
165,67,232
169,76,245
166,73,239
171,80,251
169,75,244
176,66,242
172,73,245
161,68,229
175,75,250
166,74,240
165,72,237
162,72,234
171,83,254
165,69,234
172,69,241
166,79,245
174,75,249
175,73,248
167,69,236
173,68,241
164,76,240
167,74,241
177,67,244
168,67,235
176,69,245
174,76,250
168,78,246
162,71,233
174,75,249
166,73,239
161,71,232
177,78,255
174,76,250
167,70,237
170,69,239
168,62,230
172,73,245
166,72,238
171,75,246
173,73,246
177,82,259
161,72,233
159,60,219
161,65,226
169,67,236
169,78,247
175,83,258
173,70,243
170,69,239
171,71,242
165,67,232
173,65,238
166,73,239
172,77,249
165,71,236
160,65,225
165,67,232
170,70,240
167,66,233
163,70,233
161,63,224
160,69,229
167,67,234
172,72,244
174,61,235
171,71,242
166,81,247
167,67,234
174,78,252
170,62,232
162,67,229
169,65,234
166,76,242
179,81,260
173,71,244
169,69,238
171,70,241
166,69,235
166,77,243
162,68,230
175,76,251
159,59,218
173,77,250
159,64,223
168,70,238
161,76,237
164,67,231
178,70,248
162,68,230
156,66,222
160,73,233
171,76,247
162,74,236
165,74,239
176,80,256
178,69,247
168,77,245
169,73,242
163,68,231
173,74,247
168,73,241
167,78,245
164,67,231
161,67,228
167,72,239
169,74,243
170,67,237
168,78,246
168,68,236
164,74,238
176,71,247
163,74,237
161,69,230
159,64,223
170,79,249
161,75,236
168,70,238
165,80,245
166,69,235
166,74,240
177,75,252
171,69,240
167,75,242
171,71,242
163,66,229
171,68,239
168,65,233
166,77,243
174,67,241
167,70,237
171,77,248
169,71,240
176,73,249
171,65,236
169,72,241
179,74,253
177,68,245
171,71,242
169,74,243
160,71,231
172,72,244
172,64,236
172,77,249
164,74,238
169,71,240
172,72,244
164,72,236
155,64,219
170,77,247
171,72,243
163,65,228
149,58,207
166,72,238
170,74,244
162,71,233
165,71,236
162,65,227
164,60,224
173,74,247
166,76,242
177,80,257
176,70,246
165,76,241
175,78,253
174,70,244
173,74,247
164,65,229
170,68,238
166,67,233
165,66,231
166,68,234
171,69,240
171,67,238
159,63,222
176,74,250
166,76,242
159,64,223
168,78,246
168,74,242
173,77,250
175,68,243
180,77,257
169,66,235
163,65,228
169,68,237
164,67,231
178,72,250
171,75,246
173,62,235
169,72,241
171,76,247
165,73,238
171,73,244
154,69,223
160,70,230
171,64,235
168,63,231
167,76,243
165,75,240
154,70,224
172,66,238
179,67,246
179,80,259
163,64,227
179,74,253
174,76,250
160,72,232
167,75,242
165,74,239
163,69,232
174,69,243
165,70,235
168,73,241
169,73,242
162,70,232
178,64,242
174,70,244
172,61,233
175,73,248
167,71,238
170,77,247
160,68,228
164,72,236
164,70,234
171,74,245
175,77,252
171,72,243
169,73,242
164,74,238
177,75,252
161,63,224
170,76,246
165,68,233
166,75,241
163,63,226
160,68,228
159,66,225
176,83,259
170,61,231
164,72,236
166,67,233
167,68,235
172,64,236
164,64,228
162,72,234
169,70,239
172,75,247
168,67,235
173,79,252
168,72,240
159,71,230
165,72,237
166,78,244
156,67,223
166,68,234
154,66,220
167,74,241
166,73,239
163,63,226
163,66,229
169,76,245
161,68,229
157,74,231
165,70,235
174,68,242
167,82,249
181,76,257
170,75,245
161,68,229
172,73,245
168,75,243
166,64,230
172,70,242
163,75,238
169,67,236
169,72,241
162,70,232
172,71,243
180,72,252
166,60,226
171,71,242
161,68,229
177,70,247
164,73,237
159,61,220
172,72,244
182,85,267
178,74,252
173,75,248
174,67,241
168,73,241
179,71,250
170,81,251
166,71,237
177,73,250
175,76,251
161,67,228
167,76,243
166,75,241
169,75,244
181,75,256
170,67,237
159,73,232
171,68,239
163,71,234
170,70,240
170,75,245
176,78,254
167,67,234
170,66,236
172,77,249
172,68,240
170,67,237
169,67,236
163,67,230
166,80,246
167,61,228
166,69,235
173,77,250
171,71,242
166,70,236
167,66,233
168,70,238
159,63,222
156,74,230
168,71,239
157,64,221
175,73,248
162,70,232
169,77,246
167,69,236
175,78,253
168,70,238
161,66,227
164,73,237
167,72,239
169,70,239
163,68,231
171,65,236
170,64,234
177,73,250
166,81,247
165,64,229
169,65,234
159,68,227
174,74,248
167,69,236
163,67,230
166,72,238
170,76,246
173,76,249
163,63,226
175,68,243
162,76,238
172,72,244
174,68,242
176,68,244
159,65,224
168,77,245
179,78,257
178,69,247
175,77,252
168,70,238
165,71,236
163,73,236
163,71,234
171,73,244
169,67,236
166,75,241
160,70,230
163,74,237
161,57,218
171,69,240
160,64,224
171,76,247
163,70,233
170,67,237
165,66,231
169,73,242
168,75,243
175,70,245
174,78,252
174,68,242
165,72,237
170,73,243
165,72,237
173,82,255
172,69,241
166,73,239
171,65,236
169,72,241
164,70,234
174,78,252
171,74,245
164,75,239
166,76,242
169,76,245
164,68,232
172,74,246
166,71,237
172,77,249
168,72,240
162,73,235
164,71,235
170,74,244
169,69,238
174,74,248
167,76,243
161,71,232
165,74,239
172,77,249
167,75,242
161,75,236
166,78,244
159,62,221
168,79,247
171,71,242
162,58,220
170,70,240
165,69,234
164,65,229
167,69,236
166,66,232
170,74,244
166,76,242
166,69,235
175,77,252
160,64,224
169,72,241
163,72,235
177,78,255
149,63,212
175,71,246
175,75,250
171,70,241
174,73,247
171,67,238
174,79,253
168,68,236
161,69,230
172,76,248
170,76,246
169,70,239
160,67,227
162,73,235
168,58,226
161,77,238
168,75,243
174,64,238
172,78,250
168,72,240
172,67,239
177,80,257
170,63,233
170,71,241
165,75,240
172,82,254
163,67,230
175,75,250
170,66,236
162,75,237
167,77,244
165,69,234
169,72,241
165,70,235
171,71,242
165,72,237
170,74,244
155,71,226
172,75,247
172,60,232
170,67,237
170,68,238
168,62,230
168,69,237
162,66,228
175,73,248
162,71,233
167,79,246
170,79,249
168,74,242
166,66,232
166,77,243
161,64,225
164,76,240
162,72,234
167,77,244
162,77,239
167,71,238
176,71,247
166,69,235
167,74,241
166,72,238
177,75,252
170,68,238
173,68,241
168,60,228
175,64,239
166,70,236
156,68,224
162,66,228
162,61,223
167,64,231
165,67,232
172,67,239
160,65,225
173,77,250
158,65,223
168,69,237
164,73,237
161,74,235
172,73,245
169,78,247
173,73,246
166,71,237
166,68,234
171,67,238
163,67,230
170,70,240
169,70,239
172,75,247
160,68,228
165,70,235
173,74,247
164,70,234
164,68,232
167,69,236
170,70,240
168,74,242
174,78,252
175,71,246
176,70,246
170,68,238
170,71,241
159,66,225
174,69,243
160,73,233
165,76,241
169,74,243
167,65,232
155,67,222
170,74,244
179,66,245
170,66,236
167,74,241
170,74,244
170,71,241
163,65,228
172,73,245
168,62,230
178,74,252
182,68,250
163,64,227
164,70,234
164,74,238
176,77,253
162,81,243
169,78,247
168,80,248
172,72,244
168,63,231
175,74,249
182,68,250
168,71,239
169,74,243
165,67,232
166,68,234
167,72,239
177,76,253
164,70,234
170,74,244
166,66,232
168,74,242
170,72,242
165,67,232
167,71,238
158,63,221
169,71,240
168,77,245
163,62,225
162,76,238
172,70,242
156,71,227
151,59,210
163,74,237
164,69,233
171,78,249
179,69,248
175,66,241
163,66,229
165,66,231
168,70,238
167,76,243
174,71,245
176,74,250
173,69,242
165,74,239
172,69,241
158,70,228
170,77,247
167,70,237
158,72,230
157,74,231
175,72,247
163,67,230
171,79,250
170,76,246
168,71,239
173,70,243
169,62,231
173,72,245
173,74,247
165,73,238
161,74,235
172,68,240
169,66,235
169,70,239
160,69,229
169,82,251
163,82,245
160,70,230
163,69,232
168,75,243
165,68,233
172,73,245
177,72,249
170,66,236
157,67,224
170,78,248
171,74,245
172,81,253
170,75,245
173,71,244
171,74,245
171,71,242
162,69,231
159,68,227
170,68,238
167,68,235
165,60,225
164,73,237
173,64,237
167,72,239
170,64,234
175,76,251
163,70,233
165,75,240
164,66,230
166,76,242
166,81,247
180,85,265
170,66,236
166,85,251
171,75,246
166,68,234
176,81,257
166,68,234
167,65,232
172,78,250
165,68,233
170,70,240
175,63,238
156,67,223
171,83,254
170,73,243
159,64,223
171,78,249
158,68,226
166,68,234
166,78,244
167,76,243
175,72,247
160,63,223
166,73,239
175,66,241
171,77,248
167,74,241
166,80,246
174,70,244
171,83,254
169,69,238
165,67,232
163,65,228
163,62,225
156,64,220
165,78,243
151,65,216
171,62,233
167,65,232
166,81,247
164,74,238
157,64,221
178,82,260
165,64,229
173,67,240
164,68,232
175,70,245
170,79,249
172,73,245
162,73,235
161,72,233
171,69,240
165,70,235
176,74,250
163,75,238
165,61,226
177,68,245
166,70,236
169,75,244
173,72,245
168,71,239
168,78,246
170,74,244
169,70,239
168,71,239
167,74,241
172,75,247
166,76,242
161,76,237
167,78,245
165,79,244
169,70,239
163,76,239
175,77,252
165,67,232
176,69,245
173,73,246
163,67,230
171,77,248
165,67,232
171,65,236
169,70,239
169,73,242
174,72,246
165,70,235
173,69,242
169,77,246
165,62,227
171,70,241
173,68,241
164,70,234
170,71,241
166,70,236
173,76,249
169,66,235
176,74,250
164,63,227
170,77,247
177,73,250
168,68,236
166,67,233
174,71,245
166,72,238
169,68,237
159,66,225
167,71,238
169,72,241
166,67,233
168,70,238
171,64,235
166,70,236
176,66,242
176,71,247
171,74,245
185,69,254
168,82,250
162,60,222
163,65,228
169,72,241
160,71,231
168,65,233
172,78,250
168,72,240
175,71,246
172,59,231
161,67,228
176,68,244
173,74,247
165,71,236
166,71,237
178,69,247
165,68,233
168,77,245
161,65,226
173,69,242
165,70,235
168,75,243
161,69,230
165,78,243
170,75,245
169,77,246
168,70,238
170,70,240
170,75,245
168,70,238
172,68,240
165,74,239
177,76,253
172,77,249
159,72,231
175,68,243
171,76,247
166,69,235
159,68,227
168,60,228
170,67,237
158,72,230
182,84,266
175,71,246
170,73,243
164,63,227
168,69,237
168,66,234
169,66,235
169,63,232
171,62,233
165,76,241
171,71,242
165,67,232
167,60,227
164,71,235
165,69,234
167,71,238
164,63,227
166,72,238
171,69,240
170,71,241
174,78,252
172,75,247
168,67,235
163,71,234
169,71,240
174,70,244
167,76,243
160,66,226
168,74,242
167,67,234
157,69,226
159,69,228
163,74,237
165,70,235
175,72,247
174,71,245
164,70,234
163,67,230
160,66,226
168,70,238
169,69,238
172,76,248
167,72,239
171,68,239
166,71,237
177,74,251
176,80,256
170,72,242
164,76,240
167,79,246
169,69,238
171,74,245
171,74,245
176,75,251
165,63,228
174,80,254
171,76,247
172,70,242
176,80,256
171,64,235
165,74,239
162,72,234
157,65,222
172,79,251
163,68,231
167,73,240
173,66,239
167,75,242
162,70,232
165,69,234
162,71,233
173,67,240
176,76,252
172,77,249
165,62,227
161,78,239
168,74,242
174,76,250
162,69,231
169,70,239
178,61,239
164,79,243
165,64,229
160,71,231
155,69,224
171,75,246
165,66,231
172,71,243
155,67,222
161,70,231
170,78,248
174,75,249
178,70,248
169,66,235
173,70,243
171,80,251
156,60,216
162,64,226
175,68,243
170,71,241
166,71,237
171,70,241
173,69,242
164,74,238
172,68,240
171,75,246
177,73,250
169,67,236
168,75,243
170,78,248
162,56,218
180,69,249
171,68,239
167,69,236
157,70,227
176,72,248
166,70,236
175,67,242
181,76,257
168,76,244
170,74,244
163,66,229
166,71,237
158,69,227
168,66,234
169,72,241
166,71,237
166,65,231
159,71,230
167,63,230
171,73,244
169,65,234
166,63,229
168,81,249
170,71,241
160,70,230
165,75,240
159,69,228
165,83,248
164,71,235
178,74,252
169,77,246
174,67,241
174,74,248
167,70,237
172,71,243
164,66,230
166,75,241
172,71,243
171,72,243
173,75,248
172,65,237
166,60,226
168,72,240
170,73,243
174,75,249
166,72,238
169,72,241
175,64,239
165,68,233
168,65,233
169,69,238
164,75,239
162,67,229
155,65,220
170,74,244
162,56,218
170,71,241
169,71,240
168,68,236
163,73,236
157,75,232
162,68,230
169,70,239
162,64,226
161,71,232
167,69,236
164,67,231
163,76,239
161,77,238
173,70,243
169,72,241
173,70,243
164,69,233
165,70,235
171,78,249
168,68,236
163,74,237
173,67,240
166,68,234
178,76,254
170,78,248
161,63,224
163,67,230
168,70,238
171,70,241
164,66,230
169,74,243
171,83,254
172,71,243
166,74,240
167,77,244
172,71,243
167,68,235
167,72,239
172,82,254
173,73,246
166,72,238
176,83,259
172,76,248
162,69,231
175,66,241
154,63,217
165,63,228
174,71,245
167,65,232
162,67,229
168,69,237
174,68,242
173,71,244
169,68,237
169,75,244
169,68,237
173,75,248
164,66,230
168,71,239
164,78,242
169,73,242
179,77,256
167,66,233
167,70,237
177,70,247
170,66,236
167,71,238
172,75,247
168,83,251
168,72,240
164,66,230
158,66,224
173,71,244
167,72,239
176,73,249
168,79,247
171,74,245
160,71,231
167,70,237
168,72,240
179,73,252
165,70,235
168,72,240
169,78,247
158,65,223
152,77,229
168,70,238
171,76,247
167,71,238
164,72,236
169,75,244
180,66,246
166,80,246
174,65,239
180,79,259
167,70,237
172,77,249
164,68,232
156,61,217
171,72,243
171,67,238
167,72,239
155,67,222
174,67,241
170,75,245
175,73,248
162,70,232
175,74,249
155,69,224
172,76,248
165,76,241
158,62,220
167,75,242
172,75,247
166,76,242
177,74,251
172,71,243
169,75,244
172,67,239
174,72,246
175,80,255
169,67,236
177,73,250
164,68,232
165,74,239
179,81,260
167,74,241
166,67,233
157,73,230
167,65,232
166,73,239
168,71,239
170,71,241
170,66,236
164,65,229
168,73,241
172,72,244
171,74,245
163,67,230
161,62,223
169,82,251
166,58,224
162,74,236
169,69,238
163,71,234
168,76,244
165,68,233
159,73,232
176,71,247
167,66,233
168,69,237
170,71,241
180,68,248
170,74,244
174,74,248
171,71,242
171,76,247
163,74,237
173,72,245
166,74,240
169,71,240
173,73,246
173,68,241
163,74,237
166,64,230
167,69,236
170,66,236
172,72,244
166,70,236
159,63,222
167,80,247
172,72,244
164,67,231
166,67,233
173,74,247
177,76,253
170,64,234
169,75,244
170,72,242
169,73,242
166,72,238
169,67,236
165,65,230
174,71,245
173,68,241
